Operation: Add
rows=8433
cols=3180
8392,921,-1866
8392,494,-1146
8392,854,-1572
8392,1482,-1246
8392,826,452
8392,1399,1718
8392,1328,-1760
8392,2823,-1210
8392,1206,-1140
8392,1438,-1030
8392,1506,508
8392,1006,-60
8392,82,-1998
8392,343,-1906
8392,256,-1616
8392,873,-1708
8392,1061,-1062
8392,841,624
8392,61,-1824
8392,81,-1600
8392,2140,1792
8392,536,-1654
8392,1227,-478
8392,880,1370
8392,2526,-1372
8392,6,-1844
8392,786,-1378
8392,438,-1160
8392,1705,-1922
8392,1282,-358
8392,265,-1558
8392,1060,-1912
8392,706,-1750
8392,161,1026
8392,213,-1132
8392,850,-1454
8392,912,722
8392,160,-1404
8392,939,-1408
8392,1190,72
8392,3009,1092
8392,1028,526
8392,566,-868
8392,483,-2016
8392,942,-1932
8392,987,-1310
8392,1340,-122
8392,3059,1086
8393,1118,-1410
8393,1890,-1956
8393,201,-1848
8393,125,1174
8393,1481,1668
8393,1172,-1402
8393,101,-1734
8393,853,-1102
8393,522,1694
8393,1429,-1488
8393,872,-1758
8393,1461,-148
8393,1241,-2008
8393,440,-2036
8393,541,-1914
8393,2900,-832
8393,1479,-1566
8393,740,-1792
8393,2416,-18
8393,775,-1028
8393,1514,456
8393,2752,-1648
8393,1352,-1298
8393,570,-1944
8393,86,-1724
8393,2579,-988
8393,370,-1238
8393,1455,-1682
8393,2523,-796
8393,1815,-700
8393,305,-1078
8393,2809,-1524
8393,855,-1440
8393,33,-142
8393,959,-1176
8393,764,-1460
8393,3088,-1080
8393,688,-1880
8393,665,88
8393,304,-1862
8393,56,-1264
8393,804,-1134
8393,195,-1240
8393,1434,-1626
8393,1285,-1536
8393,609,-1756
8393,2960,-1856
8394,1945,-1136
8394,946,-800
8394,586,-1518
8394,848,-454
8394,2803,-288
8394,457,-1322
8394,1537,-188
8394,1081,1360
8394,1025,-126
8394,1541,-1820
8394,1436,118
8394,1574,1784
8394,2340,-1856
8394,173,544
8394,2685,-376
8394,215,-1706
8395,996,1680
8395,425,-1740
8395,203,-1370
8395,2084,-1858
8395,128,-2032
8395,1974,-464
8395,2990,-1034
8395,1027,-1686
8395,2864,-902
8395,1307,-512
8395,43,-464
8395,934,-1952
8395,1331,-1722
8395,1471,-1226
8395,961,-1574
8395,949,-1680
8395,204,-2014
8395,572,416
8395,1374,-1834
8395,503,-712
8395,1009,-2020
8395,1652,-1860
8395,1123,-1294
8395,1637,-1316
8395,412,-194
8395,2435,500
8395,909,-1788
8395,207,-1294
8395,2862,-1938
8395,1020,-1918
8395,2632,-1556
8395,3052,1148
8395,1235,1468
8395,595,-1178
8395,827,-1598
8395,2184,-1816
8395,662,-1504
8395,2205,-2032
8395,651,-1626
8395,96,1654
8395,1436,1382
8395,695,-134
8395,2769,1778
8395,351,-322
8395,1583,-1014
8395,73,-2044
8395,1192,-1676
8395,1047,-1230
8395,947,1236
8395,1458,-1760
8395,47,1482
8395,1970,-1518
8395,2635,-1106
8395,620,946
8395,211,-1484
8395,466,-1552
8395,98,1438
8395,142,-1166
8395,239,1742
8395,625,-1924
8395,1219,974
8395,2325,-1774
8395,307,-1064
8395,1194,1248
8395,903,-1274
8395,179,-1104
8395,1392,1460
8395,1804,1072
8395,614,-1868
8395,1313,-2016
8395,398,-1662
8395,2698,-1294
8395,525,288
8395,1938,906
8395,1256,-130
8395,1300,-1406
8395,1244,-444
8395,1001,272
8395,1671,738
8395,1983,-1806
8395,2470,-1176
8395,3051,-432
8395,2,1596
8395,346,-1366
8395,1810,-1988
8395,752,-300
8395,1902,-1370
8395,59,122
8395,325,588
8395,1007,-1608
8395,1567,-1138
8395,488,-1622
8395,1551,-1620
8395,158,46
8395,499,-1884
8395,71,-1128
8395,1351,-1022
8395,956,1512
8395,2582,-1908
8395,786,-1882
8395,602,638
8395,755,-1778
8395,992,418
8395,702,-1504
8395,2099,-1382
8395,50,-1746
8395,2020,-1342
8395,191,-1788
8395,2223,-1134
8395,915,298
8395,675,-304
8395,1064,1242
8395,2349,-1342
8395,3,-890
8395,1168,-1190
8395,2167,-1182
8395,282,478
8395,751,-1402
8395,2861,-1704
8395,497,-1888
8395,437,-2002
8395,665,944
8395,2991,-1036
8395,1487,-1592
8395,2059,-864
8395,2068,-1232
8395,409,208
8395,1026,-1520
8395,327,1440
8396,116,-1660
8396,1864,-538
8396,630,-1358
8396,2714,-524
8396,1212,80
8396,3157,-1414
8396,1240,-1176
8396,619,-1842
8396,121,-438
8396,406,-1512
8396,9,-1046
8396,218,366
8396,175,978
8396,471,-1584
8396,311,-1416
8396,885,1298
8396,772,-1396
8396,1434,1204
8396,1455,-1840
8396,974,-1376
8396,1578,-1128
8396,1603,-1154
8396,281,-1102
8396,1006,964
8396,1321,-1310
8396,1541,-546
8396,1517,1554
8396,97,-12
8396,1385,-1870
8396,1440,1912
8396,1041,-1066
8396,1514,-1966
8396,224,1824
8396,2010,-1106
8396,2878,-940
8396,532,-316
8396,6,176
8396,2439,-1766
8396,945,-1724
8396,481,-1712
8396,1711,-550
8396,653,-1458
8396,2176,-1478
8396,1829,-1624
8396,1397,36
8396,1470,-1798
8396,670,-1194
8396,1506,-1624
8396,2663,-1750
8397,395,-1874
8397,231,-1542
8397,22,1344
8397,2447,-152
8397,1449,-1404
8397,584,-1624
8397,1022,688
8397,2464,952
8397,758,12
8397,2970,-1318
8397,516,24
8397,379,1786
8397,64,-1076
8397,2998,-1122
8397,538,-522
8397,324,-1084
8397,955,-1880
8397,422,-1114
8397,830,-1048
8397,603,22
8397,1282,1750
8397,1363,1138
8397,617,1698
8397,1349,-1200
8397,718,-1136
8397,1274,-298
8397,421,-1948
8397,2601,496
8397,726,-1450
8397,896,-1636
8397,1223,-1910
8397,215,-1662
8397,1589,-1394
8397,302,92
8397,960,-1246
8397,1377,234
8397,915,-2034
8397,1715,-1892
8397,413,-824
8397,1319,-1832
8397,1059,-1506
8397,70,-2038
8397,664,-462
8397,252,934
8397,1247,1116
8397,3022,-1252
8397,790,-1516
8397,161,-1736
8397,1481,-1366
8397,794,-520
8397,53,712
8397,6,-1698
8397,632,-1970
8397,1008,110
8397,1423,-1410
8397,1482,-1048
8397,82,118
8397,286,-1706
8397,661,1266
8397,2653,-1982
8397,519,-1288
8397,629,-794
8398,1086,1058
8398,2937,-1170
8398,1670,-1004
8398,986,-1516
8398,1694,-310
8398,2941,-1592
8398,1376,-1362
8398,1272,606
8398,1458,-1336
8398,496,-726
8398,2274,-828
8398,248,712
8398,1986,-1054
8398,290,-1334
8398,724,-1120
8398,650,-1932
8398,2931,-1816
8398,1439,1002
8398,1247,-2004
8398,29,1870
8398,2176,-1064
8398,926,-1112
8398,1265,158
8398,2872,-1170
8398,269,662
8398,1508,-1104
8398,298,242
8398,383,-1674
8398,1251,-1130
8398,2815,-1786
8398,66,-1874
8398,454,-1408
8398,991,382
8398,2770,-1986
8398,1433,650
8398,908,116
8398,772,-1510
8398,2265,308
8398,1341,-1018
8398,1088,1656
8398,286,750
8398,1431,1014
8398,140,-1796
8398,1833,-396
8398,1244,-1384
8398,2182,790
8398,1257,-1292
8398,478,-1328
8398,153,-1630
8398,973,-1186
8398,147,-1394
8398,2616,1510
8398,1405,1666
8398,3097,1098
8398,764,-272
8398,3142,-1636
8398,2732,-218
8398,718,-1884
8398,1132,-1826
8398,883,-1076
8398,177,1844
8398,1157,-1574
8398,1011,-1780
8398,2625,-1590
8398,1424,-1240
8398,524,106
8398,641,-1170
8398,896,1284
8398,229,1472
8398,404,-732
8398,1548,-1620
8398,2372,-1634
8398,1228,-1406
8398,562,-1858
8398,329,-1248
8398,886,-1884
8398,1926,-1492
8398,702,692
8398,1010,-1154
8398,1333,-1234
8398,2744,-1898
8398,675,1712
8398,1092,-1682
8398,363,1170
8398,391,-1360
8398,608,1324
8398,19,-1070
8398,1300,-1228
8398,2507,-1408
8399,1436,-1180
8399,1920,-1632
8399,270,-1324
8399,324,-1718
8399,2956,-972
8399,1132,-2022
8399,1459,-728
8399,878,-1418
8399,1534,-1218
8399,1802,-198
8399,249,-164
8399,1533,-386
8399,468,-2000
8399,2485,-248
8399,409,-442
8399,667,-1426
8399,2268,-1786
8399,1476,-1766
8399,234,-460
8399,1247,-1468
8399,2278,-1708
8399,770,714
8399,212,690
8399,2407,-1880
8399,534,-1296
8399,813,-1740
8399,2325,-1390
8399,2367,-592
8399,3107,-1512
8399,2616,-1794
8399,1123,-1458
8399,2533,526
8399,1281,-1676
8399,1552,-1914
8399,1345,-1400
8399,75,636
8399,765,718
8399,967,-1378
8399,1531,-1102
8399,1446,1570
8399,1346,1640
8399,432,-1426
8399,505,304
8399,684,672
8399,1301,-618
8399,1343,-1416
8399,815,212
8399,62,-1194
8399,613,750
8399,863,-2018
8399,1184,-1442
8399,585,1290
8399,1076,144
8399,2574,1212
8399,854,1178
8399,1442,-1476
8399,1451,-1206
8399,1461,-1458
8399,1095,-1732
8399,424,-1134
8399,2542,-140
8399,1204,-382
8399,416,-584
8399,843,-490
8399,1052,-1228
8399,1960,-1202
8399,418,-1664
8399,182,-1082
8399,1496,1048
8399,120,880
8399,3045,-876
8399,1207,-606
8399,57,-1366
8399,821,-1856
8399,1172,2026
8399,1453,-1828
8399,1202,-720
8399,3157,-38
8399,229,-1926
8399,1270,-1304
8399,1022,-1110
8399,1454,-1570
8399,3147,2
8399,1379,1422
8399,1610,-1828
8399,2122,-1082
8399,908,236
8399,82,1110
8399,1231,1678
8399,528,-2030
8399,842,-1300
8399,1090,-1124
8399,1660,1390
8399,427,-120
8399,3077,-1458
8399,1786,1532
8399,856,-1822
8399,616,-1536
8399,506,1544
8399,2527,-1666
8399,129,2018
8399,738,130
8399,956,-1930
8399,1480,-1782
8399,748,-1266
8399,1757,-496
8399,303,458
8399,660,-1276
8399,262,-1314
8399,177,-586
8399,1265,-1104
8399,1408,-2042
8399,3095,-1874
8399,700,590
8399,1332,-1970
8399,459,-1490
8399,127,1138
8399,355,-102
8399,864,-1730
8399,2328,-1102
8399,2171,-1774
8399,654,-1840
8399,1039,-1454
8399,2158,-1772
8399,2556,-984
8399,2434,-1334
8399,2821,-1304
8399,1198,-1492
8399,1150,-1304
8399,36,-1458
8399,1525,-1518
8399,338,1440
8399,1298,-1748
8399,930,-472
8399,598,-1868
8399,1826,-1210
8399,185,532
8399,2301,-1648
8399,435,-1732
8399,2575,482
8399,1439,-1428
8399,1481,1574
8399,879,-1886
8399,221,-128
8399,254,-1160
8399,2531,-1262
8399,851,-48
8399,1036,-1674
8399,302,-1666
8399,617,-1742
8399,1078,-418
8400,1204,-1594
8400,2601,-1732
8400,2668,-1998
8400,258,-1580
8400,844,-1972
8400,494,572
8400,777,906
8400,1441,-1834
8400,366,-1776
8400,1503,-1996
8400,2996,-1102
8400,1326,-1504
8400,169,-1412
8400,1087,220
8400,2647,-1430
8400,973,-1944
8400,215,-1930
8400,544,984
8400,902,-1096
8400,688,-1120
8400,2502,-1792
8400,1415,1292
8400,2446,-10
8400,2220,-874
8400,1085,-1502
8400,801,-2008
8400,621,-1696
8400,142,-1006
8400,720,-1174
8400,3097,-1064
8400,120,-1096
8400,1586,34
8400,1173,252
8400,710,-1892
8400,1032,692
8400,3126,-1168
8400,82,-2038
8400,186,-1524
8400,2322,-2020
8400,384,-1664
8400,427,-248
8400,314,-2046
8400,3141,-1006
8400,1894,-1066
8400,429,-1972
8400,701,-1390
8400,1884,1724
8400,2034,944
8400,860,-1526
8400,2576,-1044
8400,1569,-1374
8400,608,-982
8400,1519,-1178
8400,3085,-1254
8400,1528,990
8400,2869,630
8400,1324,876
8400,1199,488
8400,231,-1482
8400,1185,-1600
8400,1164,-1540
8400,411,382
8400,1081,-1056
8400,2065,-664
8400,613,830
8400,1618,-1666
8400,933,944
8400,3135,-834
8400,541,-1420
8400,139,-2002
8400,1237,-2004
8400,1856,-1668
8400,456,1474
8400,234,-330
8400,2383,1394
8400,375,1894
8400,1864,-1024
8400,914,-1180
8400,2403,348
8400,628,-1814
8400,480,-1888
8400,1521,-1938
8400,1522,-1828
8400,1763,-1084
8400,2619,-1794
8400,365,-1874
8400,1141,992
8400,980,1576
8400,1365,-1168
8400,2655,-1146
8400,1021,-1598
8400,167,862
8400,1906,-1722
8400,1800,-1148
8400,794,-1962
8400,2853,398
8400,308,270
8400,789,-1108
8400,935,-1914
8400,278,-1908
8400,1156,900
8400,127,1728
8400,825,-1394
8400,842,-166
8400,1310,-1258
8400,3013,-1490
8400,189,-266
8400,469,-1886
8400,1238,472
8400,2932,922
8400,445,-1810
8400,1577,-1596
8400,224,-1614
8400,726,-1578
8400,385,-1046
8400,899,-1106
8400,522,-488
8400,1485,-1222
8400,1662,170
8400,995,-1516
8400,694,-1696
8400,1258,1036
8400,1421,-1110
8400,2663,308
8400,571,-398
8400,1304,-1800
8400,1961,-1270
8400,71,792
8400,283,-1166
8400,1461,-2042
8400,3112,1738
8400,1397,528
8401,2242,-1154
8401,434,-1656
8401,1142,-62
8401,1930,-2028
8401,813,-1434
8401,25,-1104
8401,1888,1752
8401,1364,-874
8401,11,-358
8401,669,-1206
8401,1150,-1712
8401,2548,-1564
8401,1181,-1238
8401,3108,-1558
8401,115,-1110
8401,668,-202
8401,2675,2024
8401,1187,-2018
8401,2168,280
8401,1570,-1284
8401,1090,-1718
8401,1509,-1166
8401,485,1758
8401,1895,-1126
8401,771,-1726
8401,145,-1210
8401,722,-1174
8401,2516,-642
8401,1289,-1472
8401,2247,-2046
8401,1432,-1272
8401,1023,1964
8401,1310,-1726
8401,2239,-2016
8401,2811,-1774
8401,522,376
8401,874,-812
8401,554,-1710
8401,1169,-1054
8401,496,-1632
8401,488,-1412
8401,3154,-1772
8401,872,-1788
8401,1079,1858
8401,999,-1660
8401,1138,-1906
8401,2786,-1602
8402,279,1128
8402,69,-1706
8402,1469,1744
8402,1230,-1398
8402,2671,348
8402,953,-1762
8402,765,-1104
8402,836,-1762
8402,301,78
8402,2004,2026
8402,1394,-1384
8402,3028,-1416
8402,2246,1914
8402,1034,-1924
8402,778,1822
8402,1088,-1190
8402,1181,-1272
8402,902,1346
8402,2013,806
8402,2229,894
8402,967,-848
8402,329,-1900
8402,1449,1180
8402,841,-1312
8402,476,-1216
8402,798,-12
8402,924,-1184
8403,2011,256
8403,1387,-1938
8403,1849,-1094
8403,1461,-1568
8403,1050,-1656
8403,665,-52
8403,290,-1590
8403,1582,-226
8403,1236,-1890
8403,1128,-1952
8403,1338,-1094
8403,394,-1920
8403,1224,2028
8403,1356,-1530
8403,618,-1850
8403,854,1920
8403,1975,-1554
8403,2353,-1258
8403,793,522
8403,219,-1194
8403,141,-1810
8403,246,-846
8403,1235,-1184
8403,561,362
8403,216,-1858
8403,1349,-1350
8403,813,1478
8403,1385,-1556
8403,208,-1110
8403,1476,-1290
8403,1745,-1612
8403,1432,-666
8403,1351,-1092
8403,1458,-1274
8403,42,-1766
8403,1360,-1148
8403,1422,-1680
8403,710,-1860
8403,295,908
8403,2064,414
8403,769,-572
8403,541,236
8403,2767,-1874
8403,870,-1710
8403,266,-1954
8403,414,-1330
8403,2579,262
8403,491,-1306
8403,1576,-1322
8403,2842,-1972
8403,494,-666
8403,3151,1154
8403,477,-1318
8403,1255,-2016
8403,110,-1058
8403,865,-1516
8403,2339,-1874
8403,1190,-1680
8403,939,150
8403,83,1494
8403,84,260
8403,218,-1846
8403,569,-1066
8403,2764,-1168
8403,1997,-1570
8403,1397,-1808
8403,1062,1444
8403,587,1416
8403,1906,-2012
8403,1544,-1308
8403,1886,-1406
8403,859,1374
8403,1382,-1862
8403,2435,-1128
8403,2494,200
8403,381,1892
8403,808,-266
8403,728,90
8403,1808,-1434
8403,1031,-1084
8403,1047,680
8403,3163,-1190
8403,1179,-1966
8403,1441,544
8403,715,-2030
8403,3001,-1370
8403,2795,-1150
8403,1243,-1886
8403,404,-1514
8403,267,-1416
8403,1545,1946
8403,1830,-1034
8404,2239,1024
8404,2410,1382
8404,930,-1634
8404,1287,-2026
8404,395,1604
8404,256,-2026
8404,784,1480
8404,567,1242
8404,670,-1274
8404,297,-1738
8404,1237,-1248
8404,2365,-1582
8404,1092,694
8404,827,-2036
8404,2775,-1646
8404,122,-36
8404,2869,-1354
8404,713,-1876
8404,2409,-1188
8404,432,-1590
8404,1343,-1230
8404,382,320
8404,1090,-1428
8404,1093,1280
8404,2445,-1684
8404,2983,-1862
8404,1586,-1922
8404,697,-1788
8404,198,-768
8404,101,-1990
8404,555,-1900
8404,903,970
8404,1075,-756
8404,607,-1802
8404,2351,738
8404,1044,-1430
8404,319,1426
8404,800,-1986
8404,381,-1128
8404,1393,-1694
8404,1639,-1398
8404,953,-1770
8404,772,352
8404,289,-1068
8404,141,-2022
8404,1292,-76
8404,2577,-1722
8404,1346,1210
8404,1441,-72
8404,1311,-1926
8404,1928,-1228
8404,2644,-316
8404,987,-1490
8404,3053,-1424
8404,1337,-1236
8404,655,-1376
8404,2567,-464
8404,2968,1060
8404,258,1512
8404,1455,-1890
8404,993,-1952
8404,692,-872
8404,2926,876
8404,540,34
8404,1673,486
8404,585,-1702
8404,1502,390
8404,459,504
8404,1066,-1254
8404,1491,-1288
8404,2116,-1522
8404,2155,-1166
8405,2016,-1928
8405,1189,-1578
8405,2192,1636
8405,1518,-368
8405,318,-1518
8405,485,872
8405,2752,-1966
8405,64,1356
8405,366,-322
8405,834,-1404
8405,1476,-1610
8405,1210,-1262
8405,498,-1402
8405,2876,-1880
8405,1134,-1976
8405,1045,-1988
8405,34,-1796
8405,2069,-1604
8405,3049,1280
8405,1456,-1730
8405,1208,-1068
8405,781,1200
8405,78,-1326
8405,1537,1610
8405,2969,-1412
8405,1390,-1376
8405,858,-1756
8405,662,-1040
8405,125,-1524
8405,1372,1506
8405,978,-1462
8405,2548,-1358
8405,39,-1264
8405,2731,-1856
8405,315,1974
8405,453,-1492
8405,3130,-1254
8405,988,-1460
8405,3180,-1638
8405,491,-84
8405,2205,-1820
8405,203,-1504
8405,2527,-1258
8405,2416,-1792
8405,3178,-22
8405,185,-1850
8405,2504,-1796
8405,660,-702
8405,855,-1824
8405,636,-1028
8405,541,-1538
8405,2533,-1404
8405,795,850
8405,639,-1620
8405,1844,-1738
8405,1094,-1208
8406,772,-1766
8406,2980,-1962
8406,1631,-534
8406,1520,54
8406,890,684
8406,230,-554
8406,2793,-1206
8406,371,-1452
8406,123,-1876
8406,485,850
8406,2834,-1612
8406,933,-1226
8406,735,-2000
8406,2974,1580
8406,631,-1180
8406,541,-1402
8406,1039,-528
8406,397,-1552
8406,573,-1654
8406,645,-1220
8406,3012,846
8406,730,1378
8406,3133,1222
8406,2894,-1014
8406,708,-1260
8406,702,-2014
8406,2314,-650
8406,1629,-1354
8406,671,-1980
8406,1334,-1238
8406,833,-1410
8406,1424,-1518
8406,443,-1748
8406,1142,-1056
8406,138,626
8406,3094,-1906
8406,667,-1768
8406,391,-1906
8406,3176,-780
8406,1000,-1106
8406,1967,410
8406,2777,-1728
8406,611,-1886
8406,1020,-996
8406,77,-1440
8406,1071,-1212
8406,182,-1228
8406,727,-1788
8406,2888,-956
8406,581,-1292
8406,935,-358
8406,1146,-1982
8406,2104,876
8406,871,-2028
8406,1123,-1142
8406,3023,906
8406,2063,-1764
8406,1760,-1572
8406,1626,-1632
8406,2791,-1170
8406,710,-1234
8406,3070,-1344
8406,1067,-1746
8406,2273,-1140
8406,592,-1146
8406,568,-1752
8406,206,-1738
8406,299,-676
8406,226,-1470
8406,2129,422
8406,1703,-1720
8406,1907,458
8406,1696,-1120
8406,166,-238
8406,692,-1164
8406,3158,-730
8406,2235,-1420
8406,311,-664
8406,140,-444
8406,746,1478
8406,917,1264
8406,301,-1408
8406,2770,-1900
8406,2533,-1518
8406,823,-1836
8407,795,-1618
8408,1998,-1732
8408,2816,670
8408,1356,-1316
8408,11,606
8408,260,-1822
8408,966,1140
8408,1771,-348
8408,282,1214
8408,1551,-1706
8408,1930,294
8408,529,1646
8408,889,946
8408,2421,-1802
8408,1545,-2034
8408,1250,-1358
8408,1474,-1972
8408,159,-1864
8408,1991,-1336
8408,438,-1560
8408,1489,-1932
8408,955,-1806
8408,1761,-1460
8408,1357,-1708
8408,1287,-1676
8408,236,1416
8408,123,-1242
8408,88,-1812
8408,303,-1048
8408,2560,-632
8408,1323,-1368
8408,366,1742
8408,917,-1544
8408,1147,-334
8408,761,-1886
8408,639,1318
8408,464,-1846
8408,1204,-1336
8408,661,-1406
8408,2568,-406
8408,1014,-1456
8408,997,-2022
8408,1128,1610
8408,2023,-1628
8408,797,1196
8408,2042,-1918
8408,1351,-1834
8408,1006,-538
8408,591,-1390
8408,2797,-1852
8408,1152,-1920
8408,190,-1564
8408,1155,1744
8408,1312,-1932
8408,347,-1378
8408,142,1906
8408,182,542
8408,2110,1942
8408,772,-1118
8408,1280,182
8408,738,-1442
8408,1315,-1516
8408,1271,-1454
8408,2147,-1754
8408,806,-1470
8408,375,-1160
8408,991,-1792
8408,1539,1258
8408,1517,-1114
8408,1053,-1388
8408,602,-1116
8408,2400,-1266
8408,2584,-1784
8408,1446,-1154
8408,2707,-258
8408,799,-1432
8408,42,-1254
8408,1506,-1750
8408,843,-1170
8408,787,-1424
8408,1021,838
8408,1943,962
8408,312,1788
8408,1442,-1730
8408,35,-1634
8408,2011,350
8408,1416,-2028
8408,1462,-1336
8408,2931,-860
8408,211,-1658
8408,1282,-1538
8408,2106,76
8408,988,-518
8409,1045,-1314
8409,863,1664
8409,1122,-2000
8409,861,-1922
8409,855,-1510
8409,393,-1454
8409,1521,-206
8409,2368,1496
8409,244,-902
8409,1480,-1788
8409,1032,1962
8409,731,-1842
8409,2766,1866
8409,658,-1504
8409,1582,-642
8409,1656,138
8409,433,-1998
8409,2336,-1690
8409,254,-1504
8409,251,2008
8409,3063,650
8409,2435,-732
8409,1578,-1968
8409,2587,-1716
8409,1034,-1846
8409,2411,-1924
8409,2755,2004
8409,1763,1260
8409,1594,-1580
8409,177,-1570
8409,646,-1248
8409,1952,1856
8409,1527,-644
8409,1189,-1216
8409,2146,1562
8409,2800,-1112
8409,2394,-1568
8409,1267,446
8409,3013,-1236
8409,851,-1458
8409,1384,-1526
8409,3062,-1698
8409,780,1062
8409,3122,-1058
8409,325,-1602
8409,1283,-420
8409,1360,-1598
8409,1290,1988
8409,2895,-1846
8409,1943,-1140
8409,3100,-1924
8409,791,960
8409,891,-1782
8409,1601,-1250
8409,1530,-1134
8409,1224,-212
8409,2359,-1320
8409,10,-1342
8409,13,1342
8409,1710,-1170
8409,1050,-1730
8409,126,-1754
8409,2639,-326
8409,967,-1364
8409,936,-1846
8409,1510,-80
8409,571,-1284
8409,900,-1270
8409,1335,-1808
8409,1311,-1260
8409,606,-1280
8409,1133,-1330
8409,283,-706
8409,2930,-526
8409,256,-1364
8409,1534,-1070
8409,1352,-1178
8409,28,-1826
8409,1167,-508
8409,822,666
8409,2679,-1944
8409,58,-1216
8409,1904,-1808
8409,1364,-1488
8409,2854,-1436
8409,548,-36
8409,660,-178
8409,996,-1604
8409,1559,-1296
8409,1129,2014
8409,1299,-1230
8409,1476,-1244
8409,1386,-1140
8409,1296,-1398
8409,475,-1248
8409,657,-1088
8409,2619,-1224
8409,883,-1832
8409,350,-1296
8409,1581,-1696
8409,1060,-1540
8409,1432,-1130
8409,380,-1350
8410,452,-466
8410,677,-1772
8410,701,-504
8410,2724,34
8410,732,-1696
8410,184,-1250
8410,334,-1538
8410,101,-1504
8410,1347,-1676
8410,1065,332
8410,2705,696
8410,2749,-1078
8410,3035,170
8410,819,-1478
8410,104,-1598
8410,3131,-1414
8410,1194,-2014
8410,252,-1110
8410,2621,-1272
8410,1925,-1580
8410,2592,-1640
8410,1360,1820
8410,1169,-284
8410,370,-1392
8410,527,-216
8410,2225,-1044
8410,2056,-1522
8410,9,-1734
8410,635,-1344
8410,983,1482
8410,823,-352
8410,960,-1254
8410,1599,1674
8410,1078,-1908
8410,135,864
8410,1209,-1210
8410,953,-1126
8410,272,1456
8410,1503,1318
8410,2172,-1452
8410,1280,-1918
8410,1367,676
8410,1262,-1150
8410,956,950
8410,2587,112
8410,778,1358
8410,797,-386
8410,1330,-1116
8410,2269,-1886
8410,1157,-1254
8410,1432,-1556
8410,695,-1178
8410,2497,-1558
8410,2068,-302
8410,1316,-1696
8410,23,-1524
8410,740,-2046
8410,1191,-1182
8410,647,-1564
8410,1146,-230
8410,2854,-1740
8410,2875,-1160
8410,2996,-1062
8410,297,-1970
8410,992,-332
8410,2518,-94
8410,454,-1188
8410,828,-1580
8410,225,1912
8410,465,-1990
8410,187,-1468
8410,381,-116
8410,313,-1324
8410,1393,1982
8410,784,-1028
8411,1105,1684
8411,1460,-1796
8411,1873,-10
8411,63,1840
8411,1376,-940
8411,1530,-984
8411,2418,-2016
8411,1348,-1996
8411,229,-800
8411,1049,-1692
8411,1338,1360
8411,1499,380
8411,1840,-1362
8411,13,-1454
8411,2802,-840
8411,1553,-1966
8411,181,-1662
8411,1223,-1776
8411,704,152
8411,1155,-1144
8411,2672,-1360
8411,112,-2038
8411,627,62
8411,603,-1934
8411,1886,-1048
8411,480,-178
8411,1153,-1462
8411,1244,-1274
8411,1318,-1748
8411,2362,-640
8411,1488,-1394
8411,1796,1590
8411,842,1182
8411,748,-1340
8411,2270,400
8411,435,-1796
8411,787,-1948
8411,2225,1948
8411,1551,-502
8411,706,100
8411,2467,-184
8411,2480,-1090
8411,694,-1594
8411,780,-1790
8411,786,-1478
8411,957,-1784
8411,2069,-2016
8411,1531,-1756
8411,674,-280
8411,1381,-1254
8411,1494,-1320
8411,1166,-1054
8411,3137,-816
8411,1086,-1402
8411,1262,-1846
8411,178,816
8411,1651,178
8411,1371,-1738
8411,1557,-1134
8411,1349,-1946
8411,1546,-1062
8411,540,-1976
8411,1505,-1206
8411,583,1794
8411,14,-1846
8411,971,-1866
8411,1393,-562
8411,25,-1684
8411,824,-1082
8411,705,-244
8411,1655,-1476
8411,2397,-1900
8411,504,-42
8411,1077,-606
8411,1342,178
8411,1290,-1684
8411,2020,-1866
8412,1583,-1698
8412,3127,1772
8412,2321,-1044
8412,723,-1380
8412,1187,-120
8412,1856,-1912
8412,858,900
8412,1524,954
8412,216,-1876
8412,1311,1650
8412,393,-1978
8412,280,898
8412,1430,-2010
8412,152,-1036
8412,2519,-1280
8412,2668,-370
8412,2517,1816
8412,1582,-1518
8412,697,-896
8412,199,-1056
8412,1576,1910
8412,1428,-574
8412,699,-1962
8412,1203,-716
8412,807,816
8412,3117,-426
8412,1182,-1276
8412,950,-1746
8412,3045,-1478
8412,2749,346
8412,1324,-1754
8412,976,-1122
8412,860,930
8412,2541,-1848
8412,16,1558
8412,2865,-1886
8412,1340,-2022
8412,1241,-1556
8412,1061,-1802
8412,638,-1578
8412,146,1042
8412,3020,-1798
8412,777,-1356
8412,329,-1228
8412,1151,-1734
8412,1417,-1172
8412,551,-1988
8412,984,-1080
8412,3113,-1126
8414,526,-1222
8414,1337,-862
8414,579,-1746
8414,978,-1644
8414,966,-1914
8414,831,-1754
8414,2204,-1972
8414,1204,-1916
8414,2646,-188
8414,265,-1632
8414,1788,-1276
8414,311,-1608
8414,1021,1300
8414,2715,-1502
8414,1134,-1492
8414,706,-436
8414,2283,-1230
8414,1598,1134
8414,745,986
8414,886,-1700
8414,718,-1754
8414,1115,-1134
8414,479,-1712
8414,2005,-1442
8414,454,1946
8414,161,-734
8414,2713,-1540
8414,391,-270
8414,1660,-2044
8414,375,-1420
8414,276,-1444
8414,953,-158
8414,576,-1070
8414,1417,-1620
8414,990,-1144
8414,1112,-1322
8414,2898,-1084
8414,1545,788
8414,163,-1654
8414,1512,-1460
8414,2824,572
8414,2621,-1450
8414,1425,1290
8414,703,-1144
8414,1045,-1756
8414,3007,-604
8414,474,-526
8414,2723,-1598
8414,1438,1076
8414,1350,-1658
8414,1015,210
8414,488,-1886
8414,2576,-398
8414,841,1092
8414,1254,760
8414,903,160
8414,268,1114
8414,1058,-538
8414,1227,1098
8414,3125,-830
8415,1104,-1282
8415,734,-1064
8415,723,1618
8415,834,-534
8415,185,-1134
8415,1119,-804
8415,221,-408
8415,129,692
8415,2737,-1336
8415,690,-1088
8415,564,-2024
8415,1326,-1448
8415,1000,1268
8415,1046,-1824
8415,1273,-1410
8415,3038,-1614
8415,2905,-1478
8415,1534,-1134
8415,1068,-514
8415,2462,-1302
8415,853,1302
8415,2183,1542
8415,1527,1860
8415,1055,-1386
8415,608,-1696
8415,371,-1878
8415,2568,-1690
8415,1643,-1534
8415,1875,-1536
8415,1490,-1676
8415,207,-1456
8415,390,-1436
8415,2919,-1924
8415,727,1656
8415,942,1866
8415,1108,1432
8415,1848,582
8415,2055,938
8415,1431,-1628
8415,1027,1586
8415,1485,-2024
8415,796,-1318
8415,1150,-1994
8415,2658,-1150
8415,10,-1740
8415,2088,-1214
8415,1361,-252
8415,102,-1190
8415,772,-1862
8415,1519,-1740
8415,1269,-1404
8415,1087,-1492
8415,632,-1190
8415,644,-1318
8415,1515,-1396
8415,784,-1672
8415,828,-1416
8415,220,-1100
8415,109,1202
8415,525,-1632
8415,1486,1064
8415,2565,-1898
8415,837,-1442
8415,2189,520
8415,602,1368
8415,156,-1136
8415,255,-1078
8415,783,-676
8415,3110,-1884
8415,1551,-1046
8415,1406,-1846
8415,2413,-1674
8415,1282,352
8415,1867,-222
8415,1903,1336
8415,574,-1924
8415,1299,958
8415,1517,-1838
8415,2971,-826
8415,2601,314
8415,2423,1792
8415,2206,-1750
8415,3056,-1330
8415,1316,1394
8415,1846,-1892
8415,2175,-1414
8415,967,1268
8415,1074,-926
8415,693,444
8415,2977,-1306
8415,1847,-1120
8415,399,-1760
8415,572,-242
8415,838,-1394
8415,1566,-864
8415,1368,-1652
8415,1937,-1344
8415,1267,-1888
8415,512,-962
8415,120,-1760
8415,1166,-1312
8415,1181,-1152
8415,1149,-1460
8415,806,1720
8415,24,-1146
8415,1185,-1434
8415,2608,-1386
8415,2884,-1102
8415,1238,1812
8415,2989,-1594
8415,2987,-2030
8415,1306,-1514
8416,1329,418
8416,935,-1390
8416,1309,-1850
8416,2066,1800
8416,2116,-2004
8416,115,-2000
8416,2481,-720
8416,2123,-282
8416,218,-1828
8416,61,-1346
8416,1405,-1514
8416,840,-74
8416,826,822
8416,1647,-1712
8417,1114,-1892
8417,826,-1200
8417,1125,682
8417,382,-1866
8417,571,-308
8417,3019,-1986
8417,553,-1582
8417,1200,1706
8417,739,-1252
8417,649,-1306
8417,103,988
8417,1314,-1262
8417,278,-2022
8417,934,-1354
8417,1344,382
8417,1157,-2034
8417,627,-1272
8417,2592,-1178
8417,1295,-2020
8417,148,588
8417,742,-1846
8417,1223,-1740
8417,1063,30
8417,29,-2034
8417,223,-1636
8417,461,-1262
8417,2627,-1926
8417,178,-1450
8417,1361,-942
8417,879,-1742
8417,171,-1628
8417,808,-1706
8417,465,1254
8417,1874,326
8417,2227,-1988
8417,2432,-1814
8417,334,-762
8417,2711,-1378
8417,1091,-1896
8417,1581,1180
8417,1047,-1400
8417,415,878
8417,2067,-1832
8417,63,-1944
8417,1052,-1344
8417,1845,1618
8417,531,1056
8417,242,-1578
8417,748,-1130
8417,1469,-1522
8417,463,-370
8417,95,-942
8417,2299,-1854
8417,1217,-1234
8417,1115,-1990
8417,1024,-932
8417,1210,-1158
8417,3021,86
8417,2368,818
8417,507,-272
8417,856,56
8417,2058,-1742
8417,2222,-1918
8417,2506,164
8417,2047,-1496
8417,283,-1514
8417,1597,-30
8417,950,1974
8417,1525,-1548
8417,1290,-1640
8417,139,-1016
8417,2280,112
8417,1507,1006
8417,1173,-1738
8417,2012,872
8417,1780,-1434
8417,238,-1106
8417,505,-1718
8417,652,598
8417,568,-1062
8417,405,-1706
8417,2547,368
8417,2454,-1218
8417,2113,-1976
8417,1225,356
8417,1313,-1438
8417,930,-1890
8417,1294,-1718
8417,119,776
8417,2695,296
8417,902,-1684
8417,1527,-1744
8417,1224,1728
8417,945,-1578
8417,1069,1890
8417,383,-1144
8417,410,1744
8417,1858,-1626
8417,910,1708
8417,3037,-1590
8417,2035,-1934
8417,1414,1460
8417,2840,-1234
8417,766,-1912
8417,1857,-1952
8417,662,62
8417,225,-976
8417,1193,-1210
8417,46,-1610
8417,577,-1236
8417,696,-1530
8417,442,-804
8417,1555,-906
8417,2835,-1854
8417,1465,-1230
8417,3130,1384
8417,1522,-1638
8417,1248,-234
8417,156,-1908
8417,1999,1656
8417,538,-1720
8417,69,-1286
8417,1333,1458
8417,1927,-2022
8417,2698,-304
8417,710,-1080
8417,2921,1934
8417,2256,-1932
8417,2189,-1082
8417,1537,134
8417,893,1746
8417,1923,882
8417,1034,-1644
8417,252,-1182
8417,1484,-588
8417,2524,-180
8417,1077,1500
8417,1910,-1498
8417,2576,116
8418,187,-1992
8418,996,-1542
8418,543,-1942
8418,1547,-1118
8418,1040,-1212
8418,191,-1134
8418,1274,-1478
8418,32,-1234
8418,2710,-1294
8418,451,208
8418,1445,-1588
8418,369,-1972
8418,1016,-1196
8418,1609,-1148
8418,405,-2012
8418,127,-1352
8418,1978,-1442
8418,1346,-732
8418,300,-1418
8418,2022,752
8418,460,-1720
8418,1708,-1868
8418,874,-1156
8418,3038,1510
8418,279,-1962
8418,253,-1884
8418,1384,1564
8418,1152,1082
8418,639,-1188
8418,578,-1568
8418,697,-1484
8418,1242,-1318
8418,473,-330
8418,525,1792
8418,3061,1202
8418,345,-1520
8418,1705,-1540
8418,2914,884
8418,66,1046
8418,1976,-1214
8418,2471,890
8418,894,-134
8418,349,-1588
8418,998,-1170
8418,1305,-1150
8418,2268,-1722
8418,617,-1912
8418,2921,-1758
8418,662,-1740
8418,1331,648
8418,814,-1738
8418,2396,-1582
8418,362,1122
8418,420,886
8418,2910,-1450
8418,2596,-1098
8418,1105,-1148
8418,398,-1900
8418,72,-1544
8418,1272,-1040
8418,1135,1706
8418,1033,-1378
8418,128,-1166
8418,1116,-1764
8418,1544,-1666
8418,183,-1870
8418,1375,1982
8418,1814,-1610
8418,3041,-1866
8418,1675,-1642
8418,1392,-1242
8418,1214,-1858
8418,1509,-1908
8418,1043,-1198
8418,383,-1416
8418,698,1644
8418,1133,1480
8418,261,-1446
8418,1227,-1690
8418,3054,1390
8418,934,-1430
8418,1404,-1766
8418,1574,-1930
8418,190,-1036
8419,1564,282
8419,2824,536
8419,1916,320
8419,1585,-1752
8419,2891,1472
8419,231,-1090
8419,2565,-1088
8419,911,-1332
8419,598,2046
8419,2073,-672
8419,2098,-750
8419,544,-1284
8419,830,-1326
8419,2790,1090
8419,2033,1400
8419,1413,-1686
8419,872,-1370
8419,1205,-1496
8419,851,-1762
8419,24,-1322
8419,2703,-1246
8419,1423,1178
8419,2662,-604
8419,735,114
8419,2415,790
8419,50,-904
8419,539,-1870
8419,1312,-1172
8419,1072,10
8419,83,-1392
8419,2686,-1882
8419,1168,-2026
8419,1096,-1572
8419,400,-1688
8419,935,-1280
8419,2781,-1482
8419,609,-1700
8419,26,-1894
8419,9,-1910
8419,437,-1066
8419,1029,-1658
8419,2707,-118
8419,2776,298
8419,922,-1610
8419,1960,-1558
8419,284,-1704
8419,1566,-1470
8419,903,-1838
8419,2589,-1320
8419,2343,-1340
8419,3137,-1958
8419,93,680
8419,550,1852
8419,3065,-1650
8419,1130,-1260
8419,556,-1786
8419,29,-658
8419,308,-1496
8420,679,-1570
8420,1413,-1932
8420,1417,-1768
8420,988,-1526
8420,3031,-1900
8420,414,-1674
8420,348,-1480
8420,2908,-1770
8420,2557,-1130
8420,1528,-1412
8420,557,-1652
8420,1327,122
8420,80,-1082
8420,82,-1174
8420,1533,1162
8420,1453,-1838
8420,1440,-1540
8420,875,1992
8420,77,-1812
8420,1568,-1472
8420,975,1876
8420,2332,248
8420,256,1918
8420,428,280
8420,860,-1292
8420,8,-1918
8420,740,-1042
8420,1542,-1478
8420,1598,-1840
8420,26,-1194
8420,238,-1738
8420,1265,-1068
8420,634,750
8420,2217,1144
8420,990,-1926
8420,2831,-1294
8420,1156,934
8420,300,-1550
8420,2692,-1826
8420,971,-1828
8420,485,-1290
8420,327,1608
8420,452,-1666
8420,1191,-1536
8420,2816,-1324
8420,1950,-1040
8420,371,-1110
8420,987,-1724
8420,1112,-1224
8420,2323,-1124
8420,1273,-1448
8420,1466,-1992
8420,1462,-1196
8420,1221,-1632
8420,1305,-1586
8420,2892,344
8420,346,1214
8420,1504,-1708
8420,2273,406
8420,1632,-1064
8420,388,-136
8420,281,1526
8420,1974,-816
8420,1556,-1488
8420,1016,-2046
8420,864,886
8420,271,-1104
8420,867,-1144
8420,791,36
8420,1146,-1204
8420,1817,-156
8420,304,-1518
8420,578,-1668
8421,2580,-1894
8421,3008,-896
8421,193,-2018
8421,1110,-1822
8421,1381,-1160
8421,395,1406
8421,625,-1764
8421,2431,-1446
8421,273,-1850
8421,803,-1922
8421,887,-772
8421,73,-1866
8421,140,-1262
8421,36,-1392
8421,1776,-1244
8421,364,-1350
8421,528,1308
8421,1037,-1894
8421,1579,-1048
8421,954,-1388
8421,1554,-1226
8421,564,-1958
8421,1814,-1216
8421,1736,-1234
8421,569,-1662
8421,2685,-440
8421,2874,-1394
8421,318,212
8421,667,-1620
8421,494,-622
8421,655,-1520
8421,13,-1892
8421,1324,1686
8421,469,1866
8421,525,-1082
8421,1136,-1844
8421,1446,-1690
8421,114,1516
8421,407,-1466
8421,2858,1724
8421,720,-1814
8421,1124,-1534
8421,1900,-1678
8421,695,-780
8421,824,-1252
8421,299,-1374
8421,497,-1360
8421,1251,-2022
8421,1221,994
8421,1695,310
8421,1756,2020
8421,21,988
8421,968,148
8421,775,-468
8421,1177,-930
8421,31,688
8421,621,-1448
8421,1308,-922
8421,2687,1228
8421,200,-1206
8421,315,-500
8421,562,-1560
8421,1806,1728
8421,2354,106
8421,1488,-1746
8421,1146,-174
8421,565,1714
8421,592,656
8421,353,-1676
8421,52,-1990
8421,209,-668
8421,2147,-1452
8421,17,124
8421,1163,-1246
8421,1539,1246
8421,376,-1572
8421,863,-1890
8421,2353,1962
8421,2063,-1116
8421,971,-1420
8421,573,-216
8421,304,-1112
8421,1832,844
8421,1128,772
8421,1055,-362
8421,1607,-1474
8421,548,-1382
8421,495,-1576
8421,278,1680
8421,1429,82
8421,2747,-644
8421,146,-1618
8421,2831,-1296
8421,1099,-1668
8421,694,-2042
8421,2542,-1488
8421,1297,-1046
8421,323,-1464
8421,378,1020
8421,241,-1672
8421,1486,-962
8421,2322,1588
8421,1339,-1922
8421,1786,-1862
8421,1338,-1856
8421,1175,-1658
8421,481,-1738
8421,2728,-1792
8421,961,1374
8421,607,-1368
8421,637,-2042
8421,748,-784
8421,1483,-1386
8421,610,-1192
8421,476,1596
8421,1465,-1068
8421,379,-1366
8421,3099,-1856
8421,124,-1932
8421,1402,70
8421,329,1140
8421,148,-576
8421,2444,-1820
8421,383,294
8421,1115,1380
8421,715,-158
8421,911,-1534
8421,808,-526
8421,1147,-1622
8421,3024,-1732
8421,927,1154
8421,1394,-1826
8421,158,-1378
8421,1369,-772
8421,540,-1798
8421,292,1900
8421,669,-244
8421,1268,-1040
8421,982,-1678
8421,499,-1166
8421,1107,-354
8421,644,-1186
8421,268,-1742
8421,186,-1618
8421,568,-1782
8421,634,-1358
8421,362,-1480
8421,1441,-1746
8421,2803,-1842
8421,1201,-376
8421,767,-1766
8421,2001,-360
8421,912,-1136
8421,2389,-1432
8421,852,-1158
8421,1904,-1452
8422,784,-1310
8422,1765,-674
8422,188,1912
8422,2089,-1298
8422,90,-1808
8422,1632,-944
8422,136,-876
8422,2360,-1060
8422,3106,836
8422,160,1296
8422,254,-1326
8422,2792,-1840
8422,1582,-784
8422,813,-1334
8422,1028,-1718
8422,2692,-1848
8422,1129,-976
8422,945,768
8422,442,-1608
8422,3050,-1066
8422,2977,-2026
8422,1289,-1108
8422,2635,896
8422,1009,-1420
8422,1330,6
8422,1384,286
8422,1085,1296
8422,661,-2046
8422,2066,-1090
8422,1279,-1236
8422,456,-1720
8422,149,-1432
8422,1910,-1048
8422,422,144
8422,448,1984
8422,843,-1228
8422,954,632
8422,1084,-1652
8422,1888,-1158
8422,1352,-908
8422,984,-1818
8422,1491,-1404
8422,746,-1510
8422,1060,-1362
8422,1439,-1058
8422,2711,-1680
8422,1403,-2004
8422,1237,-1420
8422,141,-1076
8422,1035,-758
8422,2267,-1752
8422,532,-1462
8422,1501,-468
8422,360,-1048
8422,193,-1584
8422,426,606
8422,796,-1216
8422,1238,-1898
8422,269,1142
8422,1395,-1124
8422,2022,1180
8422,112,-1368
8422,2805,804
8422,227,-942
8422,1337,-960
8422,2492,-1356
8422,239,-1678
8422,641,-1784
8422,781,-1548
8422,2084,-1968
8422,3140,-1540
8422,276,-296
8422,1378,-1800
8422,2097,1344
8422,2918,-1174
8422,939,-1066
8422,1562,-1626
8422,617,-1346
8422,812,-1596
8422,1297,598
8422,522,-994
8422,107,38
8422,207,1228
8422,1227,-1190
8422,582,-1320
8422,2619,1604
8422,1300,2014
8422,286,-1340
8422,39,-1616
8422,1460,-1522
8423,2064,-1410
8423,1987,-1686
8423,1485,-1284
8423,2930,-1360
8423,800,288
8423,2094,354
8423,991,-1924
8423,1964,-1808
8423,979,-1984
8423,1031,-1164
8423,2716,-38
8423,1099,1514
8423,455,1194
8423,2799,-1884
8423,2802,-1560
8423,2810,-1222
8423,1978,102
8423,1590,-1098
8423,2862,-2034
8423,1216,-1558
8423,1839,-1666
8423,2914,-1928
8423,1156,1914
8423,1552,-1506
8423,1366,-32
8423,416,-1706
8423,2867,-1360
8423,2464,-340
8423,2079,884
8423,1387,-374
8423,128,-1782
8423,513,-1626
8423,1219,-1646
8423,1281,-1364
8423,746,-2036
8423,1554,-384
8423,905,-1686
8423,1185,-1720
8423,542,-1988
8423,375,-1076
8423,1177,908
8423,102,916
8423,13,-1836
8423,880,-1736
8423,931,-1698
8423,171,1132
8423,970,-800
8423,2400,-1970
8423,1189,-1142
8423,1057,-1484
8423,2183,28
8423,1417,-746
8423,1272,-768
8423,588,-1828
8423,486,-1208
8423,1567,-78
8423,1043,-1544
8423,1271,-1166
8423,81,-2004
8423,1237,1146
8423,337,-296
8423,989,-1230
8423,425,-1344
8423,1127,-2002
8423,167,1852
8423,553,-1100
8423,1697,-1258
8423,130,-1232
8423,1527,1368
8423,471,1118
8423,1276,-1926
8423,1225,-1560
8423,2655,-1944
8423,1455,554
8423,527,-58
8423,954,-526
8423,2323,-1514
8423,424,382
8423,1059,-1756
8423,2855,-810
8423,2892,266
8423,1476,1636
8423,474,-1646
8423,1389,-1280
8423,3132,-1618
8423,1631,-1724
8423,833,1256
8423,1555,-1834
8423,910,-1642
8423,148,-1954
8423,1415,-1180
8423,342,-556
8423,333,-1778
8423,1184,-1446
8423,860,-1632
8423,240,-1364
8423,1292,-1616
8423,1831,340
8423,223,530
8423,1017,1090
8423,62,1382
8423,2050,-1902
8423,456,-1100
8423,3034,2006
8423,824,784
8423,103,-1434
8423,2844,-1790
8423,1613,-1322
8423,1130,-1906
8423,870,-1108
8423,389,124
8423,523,-1164
8423,1149,-806
8423,986,-2004
8423,2839,2040
8423,2921,-1786
8423,311,1374
8423,1054,-1470
8423,2363,1146
8423,1931,-1296
8423,1756,-1508
8423,1060,-1046
8423,2898,-1810
8423,2340,-1626
8423,3082,1858
8423,893,-2006
8423,685,-1850
8423,1589,-1038
8423,1193,-1872
8423,1734,-98
8423,3178,-1400
8423,2964,-1720
8423,2261,-1380
8423,1314,-1234
8423,1064,-346
8423,3083,-1946
8423,1360,-988
8423,1460,-192
8423,54,-1342
8423,1171,-1214
8423,900,-2034
8423,983,-1150
8423,998,-1750
8423,56,48
8423,1197,-1892
8423,193,1470
8423,694,1532
8423,836,1700
8423,374,-1768
8423,1606,-1094
8423,409,226
8423,137,-108
8423,205,-1688
8423,1066,-1608
8423,1396,-396
8423,873,-1582
8423,1051,-1322
8423,1290,-1914
8423,487,-1902
8423,1209,-1620
8423,1143,-1310
8423,601,-1156
8423,2847,1958
8423,1129,1192
8423,843,-1116
8423,2407,-840
8423,2882,-1616
8423,147,898
8423,1383,-1878
8423,218,-1444
8423,962,-1702
8423,2220,-1032
8423,579,-1566
8424,1490,-1066
8424,3012,-1936
8424,2918,-1264
8424,1136,-1862
8424,3119,-1920
8424,2905,-1156
8424,273,-1256
8424,466,-1104
8424,350,534
8424,1078,202
8424,387,-1474
8424,944,-1894
8424,586,4
8425,486,-150
8425,459,-1192
8425,2305,-1544
8425,3166,-1198
8425,21,-1660
8425,789,-1466
8425,373,-1620
8425,2307,1174
8425,2301,-1542
8425,1538,-1302
8425,2869,808
8425,239,-88
8425,576,1324
8425,542,-1222
8425,815,-1962
8425,979,-1638
8425,165,-2016
8425,2763,-1416
8425,2308,1772
8425,1569,-1878
8425,1525,-1582
8425,1566,1010
8425,1764,-998
8425,2730,-1156
8425,2317,850
8425,556,2046
8425,76,-1126
8425,1366,1772
8425,2922,-1586
8425,1333,-1100
8425,639,626
8425,1203,-1148
8425,577,-1136
8425,304,-1832
8425,263,-1946
8425,1007,-710
8425,1122,-2028
8425,1155,-1762
8425,1146,94
8425,676,-474
8425,859,2032
8425,1544,-1640
8425,1090,-1836
8425,1902,-1750
8425,1310,-1872
8425,984,-1130
8425,321,1274
8425,1483,884
8425,297,-1670
8425,40,-1616
8425,326,-1640
8425,70,-1486
8425,1681,1558
8425,2959,1668
8425,1472,-394
8425,1482,-1736
8425,668,1408
8425,2367,-1466
8425,2535,286
8425,1846,-1294
8425,1562,-422
8425,1348,-1566
8425,712,910
8425,106,-1152
8425,3149,1234
8425,2111,-1410
8425,719,-1644
8425,568,-1876
8425,1039,-1952
8425,460,-1548
8425,1285,-1166
8425,324,-1668
8425,2149,676
8425,2576,-1490
8425,482,-1170
8425,687,1602
8425,2065,536
8425,554,-606
8425,1323,-1062
8425,521,-1766
8425,1704,-1310
8425,948,412
8425,2384,-1376
8425,71,844
8425,2003,-1226
8425,2318,-1602
8425,290,-1928
8425,1076,-1868
8425,924,-1818
8425,829,-1220
8425,1619,-1876
8425,1141,-32
8425,1385,-920
8425,1401,884
8425,962,-1002
8425,15,-1682
8425,1487,-1512
8425,2012,-454
8425,565,-2004
8425,82,-1754
8425,363,2030
8425,2122,-1522
8425,1147,-1890
8425,2562,-126
8425,2391,-356
8425,831,-1528
8425,1430,-1770
8425,2977,382
8425,1382,-1104
8425,1315,-1636
8425,971,1480
8425,654,-1310
8425,1351,-1692
8425,1198,1766
8425,175,1442
8425,503,-1986
8425,1152,-742
8425,372,-1776
8425,11,-1860
8425,487,-1418
8425,45,1990
8425,214,-1246
8425,410,-1620
8425,1513,-1504
8425,950,-1772
8425,370,-1614
8425,587,736
8425,1500,-1234
8425,1669,-1620
8425,46,1286
8425,826,-1632
8425,2178,-692
8425,1583,148
8425,329,-2014
8425,1443,1178
8425,515,-514
8425,519,-1124
8425,1309,-1634
8425,1278,-1430
8425,1105,-2004
8425,881,-1120
8425,1354,-314
8425,250,-1918
8425,3118,-1536
8425,1189,-1726
8425,729,-1116
8425,94,-1452
8425,1365,-1634
8425,333,1372
8426,1352,-1150
8426,1016,-1252
8426,188,-1804
8426,3098,-1900
8426,2491,-114
8426,851,-1418
8426,2509,-1198
8426,2956,-846
8426,2314,-742
8426,823,1060
8426,1886,8
8426,2991,-1888
8426,418,782
8426,742,-430
8426,1396,-30
8426,2182,2
8426,182,-940
8426,2217,-1518
8426,1646,-1772
8426,1097,-524
8426,748,1294
8426,1526,-106
8426,1571,568
8426,731,1542
8426,1704,-74
8426,653,860
8426,3049,-1730
8426,1181,690
8426,811,-366
8426,1744,-1788
8426,2357,-1310
8426,2031,-1334
8426,1315,-116
8426,2778,-1772
8426,1167,-1510
8426,400,-1950
8426,1078,940
8426,431,-1340
8426,1015,-1750
8426,733,-1936
8426,2530,-1922
8426,732,-1334
8426,680,934
8426,289,-668
8426,283,-628
8426,1079,-1206
8426,706,-1090
8426,755,-1546
8426,151,-62
8426,524,1142
8426,1518,-1590
8426,1389,-1820
8426,2866,964
8427,256,-1130
8427,2295,-1206
8427,514,-1324
8427,1250,-1436
8427,683,598
8427,280,-386
8427,409,-120
8427,2700,202
8427,1137,-1782
8427,1011,-652
8427,2122,-234
8427,437,1702
8427,258,-1710
8427,15,1938
8427,1388,-1616
8427,1517,-734
8427,273,-1310
8427,601,1706
8427,118,1740
8427,1217,-1072
8427,1090,-1462
8427,1056,1918
8427,990,-1766
8427,2708,-1108
8427,1478,720
8427,394,-1922
8427,300,-1892
8427,392,-1980
8427,1380,-1424
8427,1557,-1694
8427,865,1872
8427,2439,-1074
8427,1442,-514
8427,1805,-1968
8427,1017,736
8427,2203,-1874
8427,2752,-1104
8427,1319,-156
8427,1514,-1320
8427,26,-462
8427,1264,284
8427,1726,-1868
8427,1100,486
8427,841,-1368
8427,1302,640
8427,310,-1218
8427,1144,-1850
8427,1341,-1448
8427,2682,-1502
8427,1793,-1998
8427,131,-1088
8427,2000,-1964
8427,1424,-1878
8427,714,-1626
8427,950,286
8427,1141,-1288
8427,1572,-1154
8427,948,-2000
8427,1132,1396
8427,101,-146
8427,1255,-1558
8427,1920,-1388
8427,1061,-1890
8427,638,-1336
8427,746,-1246
8427,274,-1050
8427,308,-1866
8427,139,1606
8427,428,-1906
8427,1543,44
8427,18,-1722
8427,835,-1484
8427,192,1816
8427,1855,-1054
8427,41,-1876
8427,1519,-1272
8427,801,-1916
8427,372,-1572
8427,867,-2024
8427,1363,-1770
8427,2353,-1936
8427,1209,-1798
8427,1113,1438
8428,1217,-526
8428,71,-522
8428,2979,-1536
8428,2306,-1750
8428,1862,-1818
8428,1022,-1312
8428,3170,-256
8428,145,-1498
8428,1165,-1188
8428,2612,722
8428,1181,-132
8428,1198,-1080
8428,474,730
8428,3150,556
8428,2130,-1862
8428,101,-1668
8428,1158,-1206
8428,1080,-1300
8428,288,1904
8428,815,984
8428,922,-74
8428,609,-1656
8428,443,-1268
8428,2404,-1622
8428,218,202
8428,189,-740
8428,2967,1870
8428,743,-1766
8428,1264,-1568
8428,807,1124
8428,1086,1374
8428,1728,-536
8428,2796,-1820
8428,2770,-1688
8428,1307,1572
8428,1037,-750
8428,1743,1186
8428,1235,-1440
8428,1035,-2018
8428,731,1036
8428,859,56
8428,703,-1102
8428,1127,1562
8428,935,-996
8428,1473,-1824
8428,1490,674
8428,106,-1684
8428,2389,-1810
8428,1113,-1148
8428,2731,-1612
8428,415,1282
8428,401,-1550
8428,2228,920
8428,171,666
8428,1121,-1422
8428,2272,-1226
8428,7,832
8428,869,480
8428,542,668
8428,2687,648
8428,678,1396
8428,185,-1334
8428,95,-1218
8428,315,-362
8428,352,-1824
8428,1397,98
8428,1558,-1500
8428,129,-1352
8428,1343,-1478
8428,551,-436
8428,1211,-1750
8428,353,740
8428,476,792
8428,225,1584
8428,406,-1594
8428,809,1224
8428,687,-1116
8428,708,-20
8428,648,-1948
8428,1536,-1556
8428,365,-1474
8428,2913,-1246
8428,960,-1874
8428,477,-1338
8428,629,964
8428,964,-1232
8428,175,-1528
8428,1046,-1338
8428,926,-1974
8428,1339,-532
8428,2661,-1376
8428,2876,-1264
8428,668,-1892
8428,1829,170
8428,1322,-1312
8428,261,92
8428,1518,-1720
8428,33,-600
8428,76,-1654
8428,1253,-384
8428,916,-418
8428,371,-1934
8428,884,1362
8428,1199,-1088
8428,209,-1040
8428,1164,-586
8428,412,-306
8428,1909,-898
8428,1369,-1610
8428,2093,-1960
8428,2773,-1068
8428,1071,-1798
8428,918,616
8428,1093,-1756
8428,396,-1540
8428,2579,26
8428,782,928
8428,2251,-592
8428,2801,-1248
8428,1533,-1662
8428,1308,-1104
8428,1278,-1508
8428,520,-1274
8428,550,-876
8428,1030,1242
8428,1400,-1064
8428,423,620
8428,1335,-1582
8428,448,1478
8428,1406,424
8428,1329,-184
8428,72,272
8428,155,-604
8428,1787,-170
8428,2659,-1528
8428,557,-1912
8428,1202,1652
8428,566,210
8428,914,-1838
8428,2738,-1618
8428,627,146
8428,1478,708
8428,952,-1936
8428,47,-1554
8428,182,-1440
8428,1907,-1600
8428,1144,-1406
8428,2789,-530
8428,2521,-1098
8428,1267,-618
8428,1013,-1932
8428,3178,-838
8428,139,-656
8428,971,116
8428,417,1492
8428,29,-1554
8429,1345,-1776
8429,560,-1384
8429,817,-1800
8429,372,-1748
8429,334,318
8429,571,108
8429,3129,1316
8429,611,-1654
8429,2154,-910
8429,1525,-1386
8429,3165,-1936
8429,1560,-2012
8429,1424,-1104
8429,35,1812
8429,535,-316
8429,570,-1146
8429,1562,1550
8429,890,-786
8429,386,-1480
8429,2537,-524
8429,206,-1686
8429,390,-1492
8429,2441,-1684
8429,1746,-1438
8429,930,-1158
8429,813,-846
8429,1536,-1536
8429,451,-1246
8429,2221,-1836
8429,466,-1706
8429,691,-1208
8429,702,2004
8429,429,-1272
8429,1034,1944
8429,443,-1678
8429,3044,-1766
8429,491,-1846
8429,1218,-1688
8429,54,8
8429,583,-588
8429,979,-1766
8429,1284,-1404
8429,380,-1146
8429,920,-1992
8429,1182,-1934
8429,1124,18
8429,1706,-1650
8429,1010,-1226
8429,2650,-1918
8429,741,-1834
8429,1380,-1740
8429,746,-1064
8429,2825,-1262
8429,1142,-1398
8429,262,1546
8429,205,1260
8429,753,-1798
8429,396,-1970
8429,1115,1730
8429,1089,-1634
8429,1517,136
8429,1101,1578
8429,1382,-1836
8429,1578,-916
8429,85,-274
8429,1024,-1828
8429,1237,-1556
8429,1535,-1094
8429,1969,-640
8429,1481,1682
8429,1291,1646
8429,1050,-92
8429,1133,708
8429,145,-1596
8429,2855,176
8429,170,712
8429,734,-332
8429,3034,1458
8429,2026,-1658
8429,60,-1686
8429,832,-1952
8429,137,-1388
8429,112,-1472
8429,1644,-478
8429,256,520
8429,1055,2026
8429,1073,-1744
8429,1982,-1062
8429,1227,-1786
8430,2405,-1282
8430,616,-1310
8430,484,-1782
8430,165,-1302
8430,1185,-1328
8430,921,-1120
8430,2129,-1218
8430,250,-1870
8430,1388,-1032
8430,859,-1884
8430,305,-1072
8430,666,-1956
8430,2433,-1210
8430,365,-1480
8430,2968,-864
8430,157,-794
8430,1331,-1352
8430,745,-1844
8430,161,-1668
8430,581,-1774
8430,418,-1808
8430,1970,-1616
8430,1004,-1012
8430,341,-1612
8430,582,-1508
8430,2293,944
8430,1917,-1582
8430,1317,-1832
8430,477,1588
8430,318,1846
8430,185,-436
8430,129,-6
8430,926,-1906
8430,974,-1222
8430,636,1700
8430,1200,-1508
8430,1273,-1474
8430,54,-1524
8430,2081,-1936
8430,145,-240
8430,1446,-1294
8430,245,-1864
8430,2456,672
8430,325,-1660
8430,733,-1096
8430,2043,-1230
8430,447,-2030
8430,1746,-1668
8430,1049,-1438
8430,1548,-1986
8430,1255,-1392
8430,1674,-1058
8430,730,-718
8430,1240,-1718
8430,2970,-704
8430,1722,-1186
8430,934,-524
8430,1487,-1618
8430,222,-1634
8430,244,1550
8430,502,1634
8430,2518,330
8430,2689,-1040
8430,2013,-1564
8430,431,-1178
8430,2771,-1192
8430,971,-870
8430,1322,1400
8430,1366,-1990
8430,193,-1790
8430,314,-1176
8430,2229,-300
8430,430,1474
8430,535,-970
8430,977,-1240
8430,3056,1964
8430,938,1476
8430,518,1678
8430,1007,-1942
8430,2077,-1216
8430,1534,-1420
8430,1539,-1824
8430,533,-1460
8430,1232,-1794
8430,29,184
8430,1549,-1166
8430,3078,1644
8430,753,-1416
8430,2481,-1396
8430,600,-1782
8430,2466,-1162
8430,981,-1608
8430,2881,-1662
8430,1219,-1518
8430,726,1016
8430,3152,-2046
8430,948,-1556
8430,308,-1272
8430,2075,-1686
8430,784,-1062
8430,2397,630
8430,3094,904
8430,465,-42
8430,1494,-1042
8430,1180,-1546
8430,1633,-142
8430,2370,930
8430,850,-1160
8430,908,-1972
8430,451,1866
8430,735,594
8430,1096,1730
8430,1069,-632
8430,1086,-622
8430,786,-1120
8430,1164,-1802
8430,1281,1694
8430,2922,-1140
8430,1507,-1872
8430,1726,-1276
8430,1436,-1684
8430,1449,-1040
8430,73,-592
8430,1558,-1118
8430,1613,1130
8430,1245,-2004
8430,939,226
8430,1044,-1764
8430,88,-634
8430,1535,-1364
8430,123,-1678
8430,2811,888
8430,1244,-1302
8430,544,1622
8430,1879,1830
8430,344,-1796
8430,970,-1086
8430,1091,-1950
8430,2873,1882
8430,1057,-920
8430,1422,-1368
8430,1278,-1432
8430,568,-1936
8430,708,-1772
8430,1243,-1258
8430,151,1884
8430,65,1222
8430,1147,348
8430,647,-1214
8430,867,-1876
8430,2379,1930
8430,1518,-1310
8430,412,-1456
8430,885,684
8430,1408,1128
8430,302,-1090
8430,2626,-1430
8430,1054,-528
8430,1353,0
8430,1877,-1728
8430,1399,-1566
8430,350,364
8430,343,-1534
8430,2377,-1264
8430,1066,-1338
8430,312,-1714
8430,3180,-1956
8430,421,-1900
8430,1373,-1720
8430,2940,-1792
8430,1760,-1996
8430,1186,-1732
8430,2843,-1812
8430,2636,-386
8430,734,814
8431,619,1840
8431,125,-1106
8431,2577,-1832
8431,1117,-1584
8431,477,-218
8431,456,-1908
8431,31,-1694
8431,882,-1402
8431,1796,230
8431,2776,-1424
8431,2564,-1036
8431,911,-1662
8431,1824,-2006
8431,2105,-838
8431,1698,-1700
8431,554,292
8431,1373,1302
8431,814,-1464
8431,834,-1104
8431,1110,1508
8431,236,1210
8431,2514,-1134
8431,2661,-1176
8431,1317,902
8431,1013,-1230
8431,1239,40
8431,584,-1980
8431,1568,-416
8431,133,-1234
8431,1638,908
8431,871,-1104
8431,1526,-2044
8431,371,-198
8431,1381,-98
8431,1541,-1080
8431,964,-1570
8431,2057,-1564
8431,850,-1982
8431,205,-1240
8431,1726,1666
8431,1000,-46
8431,2500,-1684
8431,3110,-1718
8431,1221,2008
8431,1471,-1210
8431,845,-1388
8431,1448,-1606
8431,1393,-1920
8431,158,-1458
8431,21,-1786
8431,2893,-830
8431,336,-1338
8431,1641,-1830
8431,1957,-112
8431,775,-1826
8431,17,-290
8431,726,-1452
8431,2771,-1850
8431,3152,-1372
8431,802,400
8431,607,1134
8431,1250,-1528
8431,287,-1068
8431,1477,-1950
8431,379,-1736
8431,2339,-1244
8431,2770,-1992
8431,833,-1316
8431,2654,-1768
8431,587,-1522
8431,1389,974
8431,1291,-1384
8431,1094,-1816
8431,1654,-846
8431,1682,-942
8431,464,-1786
8431,954,-1664
8431,311,36
8431,484,-558
8431,152,-1468
8431,504,-1806
8431,1540,-1766
8431,1846,-1148
8431,1816,-1774
8431,632,-1180
8431,83,-1342
8431,246,-1308
8431,2214,-1860
8431,1068,780
8431,1549,1842
8431,305,464
8431,699,-1020
8431,2526,-2012
8431,1665,-1292
8431,2065,-534
8431,1382,-1482
8431,2353,-1860
8431,49,-572
8431,1225,1688
8431,719,-1664
8431,2036,-1660
8431,1856,-1836
8431,437,1160
8431,885,-1304
8431,990,1942
8431,1770,854
8431,971,-566
8431,511,-1154
8431,2989,-1504
8431,235,450
8431,926,-1816
8431,376,-196
8431,2479,-1354
8431,2286,1784
8431,841,-1654
8431,1501,794
8431,332,-1418
8431,187,-2004
8431,2439,-492
8431,1522,48
8431,1242,-1570
8431,2418,-1686
8431,546,836
8431,11,-1280
8431,1289,-1912
8431,1712,-650
8431,2606,1164
8431,1554,-1942
8431,784,-1616
8431,747,-1988
8431,141,-822
8431,1579,-1156
8431,1768,1702
8431,790,-1680
8431,194,-448
8431,2346,-1884
8431,189,-836
8431,231,-1910
8431,1059,1540
8431,1284,-1862
8431,682,-1052
8431,1309,-606
8431,70,-1442
8431,1425,-1294
8431,3169,-1458
8431,680,756
8431,732,-1738
8431,501,-1948
8431,2218,-1536
8431,471,-1596
8431,673,-1238
8431,298,1278
8431,2314,-1410
8431,1406,-1702
8431,185,-2000
8431,770,-858
8431,1497,-954
8431,1136,2000
8431,2497,-138
8431,1267,-1656
8431,2428,-1166
8432,80,-1030
8432,1042,242
