Operation: Subtract
rows=8433
cols=3180
8392,921,0
8392,494,0
8392,854,0
8392,1482,0
8392,826,0
8392,1399,0
8392,1328,0
8392,2823,0
8392,1206,0
8392,1438,0
8392,1506,0
8392,1006,0
8392,82,0
8392,343,0
8392,256,0
8392,873,0
8392,1061,0
8392,841,0
8392,61,0
8392,81,0
8392,2140,0
8392,536,0
8392,1227,0
8392,880,0
8392,2526,0
8392,6,0
8392,786,0
8392,438,0
8392,1705,0
8392,1282,0
8392,265,0
8392,1060,0
8392,706,0
8392,161,0
8392,213,0
8392,850,0
8392,912,0
8392,160,0
8392,939,0
8392,1190,0
8392,3009,0
8392,1028,0
8392,566,0
8392,483,0
8392,942,0
8392,987,0
8392,1340,0
8392,3059,0
8393,1118,0
8393,1890,0
8393,201,0
8393,125,0
8393,1481,0
8393,1172,0
8393,101,0
8393,853,0
8393,522,0
8393,1429,0
8393,872,0
8393,1461,0
8393,1241,0
8393,440,0
8393,541,0
8393,2900,0
8393,1479,0
8393,740,0
8393,2416,0
8393,775,0
8393,1514,0
8393,2752,0
8393,1352,0
8393,570,0
8393,86,0
8393,2579,0
8393,370,0
8393,1455,0
8393,2523,0
8393,1815,0
8393,305,0
8393,2809,0
8393,855,0
8393,33,0
8393,959,0
8393,764,0
8393,3088,0
8393,688,0
8393,665,0
8393,304,0
8393,56,0
8393,804,0
8393,195,0
8393,1434,0
8393,1285,0
8393,609,0
8393,2960,0
8394,1945,0
8394,946,0
8394,586,0
8394,848,0
8394,2803,0
8394,457,0
8394,1537,0
8394,1081,0
8394,1025,0
8394,1541,0
8394,1436,0
8394,1574,0
8394,2340,0
8394,173,0
8394,2685,0
8394,215,0
8395,996,0
8395,425,0
8395,203,0
8395,2084,0
8395,128,0
8395,1974,0
8395,2990,0
8395,1027,0
8395,2864,0
8395,1307,0
8395,43,0
8395,934,0
8395,1331,0
8395,1471,0
8395,961,0
8395,949,0
8395,204,0
8395,572,0
8395,1374,0
8395,503,0
8395,1009,0
8395,1652,0
8395,1123,0
8395,1637,0
8395,412,0
8395,2435,0
8395,909,0
8395,207,0
8395,2862,0
8395,1020,0
8395,2632,0
8395,3052,0
8395,1235,0
8395,595,0
8395,827,0
8395,2184,0
8395,662,0
8395,2205,0
8395,651,0
8395,96,0
8395,1436,0
8395,695,0
8395,2769,0
8395,351,0
8395,1583,0
8395,73,0
8395,1192,0
8395,1047,0
8395,947,0
8395,1458,0
8395,47,0
8395,1970,0
8395,2635,0
8395,620,0
8395,211,0
8395,466,0
8395,98,0
8395,142,0
8395,239,0
8395,625,0
8395,1219,0
8395,2325,0
8395,307,0
8395,1194,0
8395,903,0
8395,179,0
8395,1392,0
8395,1804,0
8395,614,0
8395,1313,0
8395,398,0
8395,2698,0
8395,525,0
8395,1938,0
8395,1256,0
8395,1300,0
8395,1244,0
8395,1001,0
8395,1671,0
8395,1983,0
8395,2470,0
8395,3051,0
8395,2,0
8395,346,0
8395,1810,0
8395,752,0
8395,1902,0
8395,59,0
8395,325,0
8395,1007,0
8395,1567,0
8395,488,0
8395,1551,0
8395,158,0
8395,499,0
8395,71,0
8395,1351,0
8395,956,0
8395,2582,0
8395,786,0
8395,602,0
8395,755,0
8395,992,0
8395,702,0
8395,2099,0
8395,50,0
8395,2020,0
8395,191,0
8395,2223,0
8395,915,0
8395,675,0
8395,1064,0
8395,2349,0
8395,3,0
8395,1168,0
8395,2167,0
8395,282,0
8395,751,0
8395,2861,0
8395,497,0
8395,437,0
8395,665,0
8395,2991,0
8395,1487,0
8395,2059,0
8395,2068,0
8395,409,0
8395,1026,0
8395,327,0
8396,116,0
8396,1864,0
8396,630,0
8396,2714,0
8396,1212,0
8396,3157,0
8396,1240,0
8396,619,0
8396,121,0
8396,406,0
8396,9,0
8396,218,0
8396,175,0
8396,471,0
8396,311,0
8396,885,0
8396,772,0
8396,1434,0
8396,1455,0
8396,974,0
8396,1578,0
8396,1603,0
8396,281,0
8396,1006,0
8396,1321,0
8396,1541,0
8396,1517,0
8396,97,0
8396,1385,0
8396,1440,0
8396,1041,0
8396,1514,0
8396,224,0
8396,2010,0
8396,2878,0
8396,532,0
8396,6,0
8396,2439,0
8396,945,0
8396,481,0
8396,1711,0
8396,653,0
8396,2176,0
8396,1829,0
8396,1397,0
8396,1470,0
8396,670,0
8396,1506,0
8396,2663,0
8397,395,0
8397,231,0
8397,22,0
8397,2447,0
8397,1449,0
8397,584,0
8397,1022,0
8397,2464,0
8397,758,0
8397,2970,0
8397,516,0
8397,379,0
8397,64,0
8397,2998,0
8397,538,0
8397,324,0
8397,955,0
8397,422,0
8397,830,0
8397,603,0
8397,1282,0
8397,1363,0
8397,617,0
8397,1349,0
8397,718,0
8397,1274,0
8397,421,0
8397,2601,0
8397,726,0
8397,896,0
8397,1223,0
8397,215,0
8397,1589,0
8397,302,0
8397,960,0
8397,1377,0
8397,915,0
8397,1715,0
8397,413,0
8397,1319,0
8397,1059,0
8397,70,0
8397,664,0
8397,252,0
8397,1247,0
8397,3022,0
8397,790,0
8397,161,0
8397,1481,0
8397,794,0
8397,53,0
8397,6,0
8397,632,0
8397,1008,0
8397,1423,0
8397,1482,0
8397,82,0
8397,286,0
8397,661,0
8397,2653,0
8397,519,0
8397,629,0
8398,1086,0
8398,2937,0
8398,1670,0
8398,986,0
8398,1694,0
8398,2941,0
8398,1376,0
8398,1272,0
8398,1458,0
8398,496,0
8398,2274,0
8398,248,0
8398,1986,0
8398,290,0
8398,724,0
8398,650,0
8398,2931,0
8398,1439,0
8398,1247,0
8398,29,0
8398,2176,0
8398,926,0
8398,1265,0
8398,2872,0
8398,269,0
8398,1508,0
8398,298,0
8398,383,0
8398,1251,0
8398,2815,0
8398,66,0
8398,454,0
8398,991,0
8398,2770,0
8398,1433,0
8398,908,0
8398,772,0
8398,2265,0
8398,1341,0
8398,1088,0
8398,286,0
8398,1431,0
8398,140,0
8398,1833,0
8398,1244,0
8398,2182,0
8398,1257,0
8398,478,0
8398,153,0
8398,973,0
8398,147,0
8398,2616,0
8398,1405,0
8398,3097,0
8398,764,0
8398,3142,0
8398,2732,0
8398,718,0
8398,1132,0
8398,883,0
8398,177,0
8398,1157,0
8398,1011,0
8398,2625,0
8398,1424,0
8398,524,0
8398,641,0
8398,896,0
8398,229,0
8398,404,0
8398,1548,0
8398,2372,0
8398,1228,0
8398,562,0
8398,329,0
8398,886,0
8398,1926,0
8398,702,0
8398,1010,0
8398,1333,0
8398,2744,0
8398,675,0
8398,1092,0
8398,363,0
8398,391,0
8398,608,0
8398,19,0
8398,1300,0
8398,2507,0
8399,1436,0
8399,1920,0
8399,270,0
8399,324,0
8399,2956,0
8399,1132,0
8399,1459,0
8399,878,0
8399,1534,0
8399,1802,0
8399,249,0
8399,1533,0
8399,468,0
8399,2485,0
8399,409,0
8399,667,0
8399,2268,0
8399,1476,0
8399,234,0
8399,1247,0
8399,2278,0
8399,770,0
8399,212,0
8399,2407,0
8399,534,0
8399,813,0
8399,2325,0
8399,2367,0
8399,3107,0
8399,2616,0
8399,1123,0
8399,2533,0
8399,1281,0
8399,1552,0
8399,1345,0
8399,75,0
8399,765,0
8399,967,0
8399,1531,0
8399,1446,0
8399,1346,0
8399,432,0
8399,505,0
8399,684,0
8399,1301,0
8399,1343,0
8399,815,0
8399,62,0
8399,613,0
8399,863,0
8399,1184,0
8399,585,0
8399,1076,0
8399,2574,0
8399,854,0
8399,1442,0
8399,1451,0
8399,1461,0
8399,1095,0
8399,424,0
8399,2542,0
8399,1204,0
8399,416,0
8399,843,0
8399,1052,0
8399,1960,0
8399,418,0
8399,182,0
8399,1496,0
8399,120,0
8399,3045,0
8399,1207,0
8399,57,0
8399,821,0
8399,1172,0
8399,1453,0
8399,1202,0
8399,3157,0
8399,229,0
8399,1270,0
8399,1022,0
8399,1454,0
8399,3147,0
8399,1379,0
8399,1610,0
8399,2122,0
8399,908,0
8399,82,0
8399,1231,0
8399,528,0
8399,842,0
8399,1090,0
8399,1660,0
8399,427,0
8399,3077,0
8399,1786,0
8399,856,0
8399,616,0
8399,506,0
8399,2527,0
8399,129,0
8399,738,0
8399,956,0
8399,1480,0
8399,748,0
8399,1757,0
8399,303,0
8399,660,0
8399,262,0
8399,177,0
8399,1265,0
8399,1408,0
8399,3095,0
8399,700,0
8399,1332,0
8399,459,0
8399,127,0
8399,355,0
8399,864,0
8399,2328,0
8399,2171,0
8399,654,0
8399,1039,0
8399,2158,0
8399,2556,0
8399,2434,0
8399,2821,0
8399,1198,0
8399,1150,0
8399,36,0
8399,1525,0
8399,338,0
8399,1298,0
8399,930,0
8399,598,0
8399,1826,0
8399,185,0
8399,2301,0
8399,435,0
8399,2575,0
8399,1439,0
8399,1481,0
8399,879,0
8399,221,0
8399,254,0
8399,2531,0
8399,851,0
8399,1036,0
8399,302,0
8399,617,0
8399,1078,0
8400,1204,0
8400,2601,0
8400,2668,0
8400,258,0
8400,844,0
8400,494,0
8400,777,0
8400,1441,0
8400,366,0
8400,1503,0
8400,2996,0
8400,1326,0
8400,169,0
8400,1087,0
8400,2647,0
8400,973,0
8400,215,0
8400,544,0
8400,902,0
8400,688,0
8400,2502,0
8400,1415,0
8400,2446,0
8400,2220,0
8400,1085,0
8400,801,0
8400,621,0
8400,142,0
8400,720,0
8400,3097,0
8400,120,0
8400,1586,0
8400,1173,0
8400,710,0
8400,1032,0
8400,3126,0
8400,82,0
8400,186,0
8400,2322,0
8400,384,0
8400,427,0
8400,314,0
8400,3141,0
8400,1894,0
8400,429,0
8400,701,0
8400,1884,0
8400,2034,0
8400,860,0
8400,2576,0
8400,1569,0
8400,608,0
8400,1519,0
8400,3085,0
8400,1528,0
8400,2869,0
8400,1324,0
8400,1199,0
8400,231,0
8400,1185,0
8400,1164,0
8400,411,0
8400,1081,0
8400,2065,0
8400,613,0
8400,1618,0
8400,933,0
8400,3135,0
8400,541,0
8400,139,0
8400,1237,0
8400,1856,0
8400,456,0
8400,234,0
8400,2383,0
8400,375,0
8400,1864,0
8400,914,0
8400,2403,0
8400,628,0
8400,480,0
8400,1521,0
8400,1522,0
8400,1763,0
8400,2619,0
8400,365,0
8400,1141,0
8400,980,0
8400,1365,0
8400,2655,0
8400,1021,0
8400,167,0
8400,1906,0
8400,1800,0
8400,794,0
8400,2853,0
8400,308,0
8400,789,0
8400,935,0
8400,278,0
8400,1156,0
8400,127,0
8400,825,0
8400,842,0
8400,1310,0
8400,3013,0
8400,189,0
8400,469,0
8400,1238,0
8400,2932,0
8400,445,0
8400,1577,0
8400,224,0
8400,726,0
8400,385,0
8400,899,0
8400,522,0
8400,1485,0
8400,1662,0
8400,995,0
8400,694,0
8400,1258,0
8400,1421,0
8400,2663,0
8400,571,0
8400,1304,0
8400,1961,0
8400,71,0
8400,283,0
8400,1461,0
8400,3112,0
8400,1397,0
8401,2242,0
8401,434,0
8401,1142,0
8401,1930,0
8401,813,0
8401,25,0
8401,1888,0
8401,1364,0
8401,11,0
8401,669,0
8401,1150,0
8401,2548,0
8401,1181,0
8401,3108,0
8401,115,0
8401,668,0
8401,2675,0
8401,1187,0
8401,2168,0
8401,1570,0
8401,1090,0
8401,1509,0
8401,485,0
8401,1895,0
8401,771,0
8401,145,0
8401,722,0
8401,2516,0
8401,1289,0
8401,2247,0
8401,1432,0
8401,1023,0
8401,1310,0
8401,2239,0
8401,2811,0
8401,522,0
8401,874,0
8401,554,0
8401,1169,0
8401,496,0
8401,488,0
8401,3154,0
8401,872,0
8401,1079,0
8401,999,0
8401,1138,0
8401,2786,0
8402,279,0
8402,69,0
8402,1469,0
8402,1230,0
8402,2671,0
8402,953,0
8402,765,0
8402,836,0
8402,301,0
8402,2004,0
8402,1394,0
8402,3028,0
8402,2246,0
8402,1034,0
8402,778,0
8402,1088,0
8402,1181,0
8402,902,0
8402,2013,0
8402,2229,0
8402,967,0
8402,329,0
8402,1449,0
8402,841,0
8402,476,0
8402,798,0
8402,924,0
8403,2011,0
8403,1387,0
8403,1849,0
8403,1461,0
8403,1050,0
8403,665,0
8403,290,0
8403,1582,0
8403,1236,0
8403,1128,0
8403,1338,0
8403,394,0
8403,1224,0
8403,1356,0
8403,618,0
8403,854,0
8403,1975,0
8403,2353,0
8403,793,0
8403,219,0
8403,141,0
8403,246,0
8403,1235,0
8403,561,0
8403,216,0
8403,1349,0
8403,813,0
8403,1385,0
8403,208,0
8403,1476,0
8403,1745,0
8403,1432,0
8403,1351,0
8403,1458,0
8403,42,0
8403,1360,0
8403,1422,0
8403,710,0
8403,295,0
8403,2064,0
8403,769,0
8403,541,0
8403,2767,0
8403,870,0
8403,266,0
8403,414,0
8403,2579,0
8403,491,0
8403,1576,0
8403,2842,0
8403,494,0
8403,3151,0
8403,477,0
8403,1255,0
8403,110,0
8403,865,0
8403,2339,0
8403,1190,0
8403,939,0
8403,83,0
8403,84,0
8403,218,0
8403,569,0
8403,2764,0
8403,1997,0
8403,1397,0
8403,1062,0
8403,587,0
8403,1906,0
8403,1544,0
8403,1886,0
8403,859,0
8403,1382,0
8403,2435,0
8403,2494,0
8403,381,0
8403,808,0
8403,728,0
8403,1808,0
8403,1031,0
8403,1047,0
8403,3163,0
8403,1179,0
8403,1441,0
8403,715,0
8403,3001,0
8403,2795,0
8403,1243,0
8403,404,0
8403,267,0
8403,1545,0
8403,1830,0
8404,2239,0
8404,2410,0
8404,930,0
8404,1287,0
8404,395,0
8404,256,0
8404,784,0
8404,567,0
8404,670,0
8404,297,0
8404,1237,0
8404,2365,0
8404,1092,0
8404,827,0
8404,2775,0
8404,122,0
8404,2869,0
8404,713,0
8404,2409,0
8404,432,0
8404,1343,0
8404,382,0
8404,1090,0
8404,1093,0
8404,2445,0
8404,2983,0
8404,1586,0
8404,697,0
8404,198,0
8404,101,0
8404,555,0
8404,903,0
8404,1075,0
8404,607,0
8404,2351,0
8404,1044,0
8404,319,0
8404,800,0
8404,381,0
8404,1393,0
8404,1639,0
8404,953,0
8404,772,0
8404,289,0
8404,141,0
8404,1292,0
8404,2577,0
8404,1346,0
8404,1441,0
8404,1311,0
8404,1928,0
8404,2644,0
8404,987,0
8404,3053,0
8404,1337,0
8404,655,0
8404,2567,0
8404,2968,0
8404,258,0
8404,1455,0
8404,993,0
8404,692,0
8404,2926,0
8404,540,0
8404,1673,0
8404,585,0
8404,1502,0
8404,459,0
8404,1066,0
8404,1491,0
8404,2116,0
8404,2155,0
8405,2016,0
8405,1189,0
8405,2192,0
8405,1518,0
8405,318,0
8405,485,0
8405,2752,0
8405,64,0
8405,366,0
8405,834,0
8405,1476,0
8405,1210,0
8405,498,0
8405,2876,0
8405,1134,0
8405,1045,0
8405,34,0
8405,2069,0
8405,3049,0
8405,1456,0
8405,1208,0
8405,781,0
8405,78,0
8405,1537,0
8405,2969,0
8405,1390,0
8405,858,0
8405,662,0
8405,125,0
8405,1372,0
8405,978,0
8405,2548,0
8405,39,0
8405,2731,0
8405,315,0
8405,453,0
8405,3130,0
8405,988,0
8405,3180,0
8405,491,0
8405,2205,0
8405,203,0
8405,2527,0
8405,2416,0
8405,3178,0
8405,185,0
8405,2504,0
8405,660,0
8405,855,0
8405,636,0
8405,541,0
8405,2533,0
8405,795,0
8405,639,0
8405,1844,0
8405,1094,0
8406,772,0
8406,2980,0
8406,1631,0
8406,1520,0
8406,890,0
8406,230,0
8406,2793,0
8406,371,0
8406,123,0
8406,485,0
8406,2834,0
8406,933,0
8406,735,0
8406,2974,0
8406,631,0
8406,541,0
8406,1039,0
8406,397,0
8406,573,0
8406,645,0
8406,3012,0
8406,730,0
8406,3133,0
8406,2894,0
8406,708,0
8406,702,0
8406,2314,0
8406,1629,0
8406,671,0
8406,1334,0
8406,833,0
8406,1424,0
8406,443,0
8406,1142,0
8406,138,0
8406,3094,0
8406,667,0
8406,391,0
8406,3176,0
8406,1000,0
8406,1967,0
8406,2777,0
8406,611,0
8406,1020,0
8406,77,0
8406,1071,0
8406,182,0
8406,727,0
8406,2888,0
8406,581,0
8406,935,0
8406,1146,0
8406,2104,0
8406,871,0
8406,1123,0
8406,3023,0
8406,2063,0
8406,1760,0
8406,1626,0
8406,2791,0
8406,710,0
8406,3070,0
8406,1067,0
8406,2273,0
8406,592,0
8406,568,0
8406,206,0
8406,299,0
8406,226,0
8406,2129,0
8406,1703,0
8406,1907,0
8406,1696,0
8406,166,0
8406,692,0
8406,3158,0
8406,2235,0
8406,311,0
8406,140,0
8406,746,0
8406,917,0
8406,301,0
8406,2770,0
8406,2533,0
8406,823,0
8407,795,0
8408,1998,0
8408,2816,0
8408,1356,0
8408,11,0
8408,260,0
8408,966,0
8408,1771,0
8408,282,0
8408,1551,0
8408,1930,0
8408,529,0
8408,889,0
8408,2421,0
8408,1545,0
8408,1250,0
8408,1474,0
8408,159,0
8408,1991,0
8408,438,0
8408,1489,0
8408,955,0
8408,1761,0
8408,1357,0
8408,1287,0
8408,236,0
8408,123,0
8408,88,0
8408,303,0
8408,2560,0
8408,1323,0
8408,366,0
8408,917,0
8408,1147,0
8408,761,0
8408,639,0
8408,464,0
8408,1204,0
8408,661,0
8408,2568,0
8408,1014,0
8408,997,0
8408,1128,0
8408,2023,0
8408,797,0
8408,2042,0
8408,1351,0
8408,1006,0
8408,591,0
8408,2797,0
8408,1152,0
8408,190,0
8408,1155,0
8408,1312,0
8408,347,0
8408,142,0
8408,182,0
8408,2110,0
8408,772,0
8408,1280,0
8408,738,0
8408,1315,0
8408,1271,0
8408,2147,0
8408,806,0
8408,375,0
8408,991,0
8408,1539,0
8408,1517,0
8408,1053,0
8408,602,0
8408,2400,0
8408,2584,0
8408,1446,0
8408,2707,0
8408,799,0
8408,42,0
8408,1506,0
8408,843,0
8408,787,0
8408,1021,0
8408,1943,0
8408,312,0
8408,1442,0
8408,35,0
8408,2011,0
8408,1416,0
8408,1462,0
8408,2931,0
8408,211,0
8408,1282,0
8408,2106,0
8408,988,0
8409,1045,0
8409,863,0
8409,1122,0
8409,861,0
8409,855,0
8409,393,0
8409,1521,0
8409,2368,0
8409,244,0
8409,1480,0
8409,1032,0
8409,731,0
8409,2766,0
8409,658,0
8409,1582,0
8409,1656,0
8409,433,0
8409,2336,0
8409,254,0
8409,251,0
8409,3063,0
8409,2435,0
8409,1578,0
8409,2587,0
8409,1034,0
8409,2411,0
8409,2755,0
8409,1763,0
8409,1594,0
8409,177,0
8409,646,0
8409,1952,0
8409,1527,0
8409,1189,0
8409,2146,0
8409,2800,0
8409,2394,0
8409,1267,0
8409,3013,0
8409,851,0
8409,1384,0
8409,3062,0
8409,780,0
8409,3122,0
8409,325,0
8409,1283,0
8409,1360,0
8409,1290,0
8409,2895,0
8409,1943,0
8409,3100,0
8409,791,0
8409,891,0
8409,1601,0
8409,1530,0
8409,1224,0
8409,2359,0
8409,10,0
8409,13,0
8409,1710,0
8409,1050,0
8409,126,0
8409,2639,0
8409,967,0
8409,936,0
8409,1510,0
8409,571,0
8409,900,0
8409,1335,0
8409,1311,0
8409,606,0
8409,1133,0
8409,283,0
8409,2930,0
8409,256,0
8409,1534,0
8409,1352,0
8409,28,0
8409,1167,0
8409,822,0
8409,2679,0
8409,58,0
8409,1904,0
8409,1364,0
8409,2854,0
8409,548,0
8409,660,0
8409,996,0
8409,1559,0
8409,1129,0
8409,1299,0
8409,1476,0
8409,1386,0
8409,1296,0
8409,475,0
8409,657,0
8409,2619,0
8409,883,0
8409,350,0
8409,1581,0
8409,1060,0
8409,1432,0
8409,380,0
8410,452,0
8410,677,0
8410,701,0
8410,2724,0
8410,732,0
8410,184,0
8410,334,0
8410,101,0
8410,1347,0
8410,1065,0
8410,2705,0
8410,2749,0
8410,3035,0
8410,819,0
8410,104,0
8410,3131,0
8410,1194,0
8410,252,0
8410,2621,0
8410,1925,0
8410,2592,0
8410,1360,0
8410,1169,0
8410,370,0
8410,527,0
8410,2225,0
8410,2056,0
8410,9,0
8410,635,0
8410,983,0
8410,823,0
8410,960,0
8410,1599,0
8410,1078,0
8410,135,0
8410,1209,0
8410,953,0
8410,272,0
8410,1503,0
8410,2172,0
8410,1280,0
8410,1367,0
8410,1262,0
8410,956,0
8410,2587,0
8410,778,0
8410,797,0
8410,1330,0
8410,2269,0
8410,1157,0
8410,1432,0
8410,695,0
8410,2497,0
8410,2068,0
8410,1316,0
8410,23,0
8410,740,0
8410,1191,0
8410,647,0
8410,1146,0
8410,2854,0
8410,2875,0
8410,2996,0
8410,297,0
8410,992,0
8410,2518,0
8410,454,0
8410,828,0
8410,225,0
8410,465,0
8410,187,0
8410,381,0
8410,313,0
8410,1393,0
8410,784,0
8411,1105,0
8411,1460,0
8411,1873,0
8411,63,0
8411,1376,0
8411,1530,0
8411,2418,0
8411,1348,0
8411,229,0
8411,1049,0
8411,1338,0
8411,1499,0
8411,1840,0
8411,13,0
8411,2802,0
8411,1553,0
8411,181,0
8411,1223,0
8411,704,0
8411,1155,0
8411,2672,0
8411,112,0
8411,627,0
8411,603,0
8411,1886,0
8411,480,0
8411,1153,0
8411,1244,0
8411,1318,0
8411,2362,0
8411,1488,0
8411,1796,0
8411,842,0
8411,748,0
8411,2270,0
8411,435,0
8411,787,0
8411,2225,0
8411,1551,0
8411,706,0
8411,2467,0
8411,2480,0
8411,694,0
8411,780,0
8411,786,0
8411,957,0
8411,2069,0
8411,1531,0
8411,674,0
8411,1381,0
8411,1494,0
8411,1166,0
8411,3137,0
8411,1086,0
8411,1262,0
8411,178,0
8411,1651,0
8411,1371,0
8411,1557,0
8411,1349,0
8411,1546,0
8411,540,0
8411,1505,0
8411,583,0
8411,14,0
8411,971,0
8411,1393,0
8411,25,0
8411,824,0
8411,705,0
8411,1655,0
8411,2397,0
8411,504,0
8411,1077,0
8411,1342,0
8411,1290,0
8411,2020,0
8412,1583,0
8412,3127,0
8412,2321,0
8412,723,0
8412,1187,0
8412,1856,0
8412,858,0
8412,1524,0
8412,216,0
8412,1311,0
8412,393,0
8412,280,0
8412,1430,0
8412,152,0
8412,2519,0
8412,2668,0
8412,2517,0
8412,1582,0
8412,697,0
8412,199,0
8412,1576,0
8412,1428,0
8412,699,0
8412,1203,0
8412,807,0
8412,3117,0
8412,1182,0
8412,950,0
8412,3045,0
8412,2749,0
8412,1324,0
8412,976,0
8412,860,0
8412,2541,0
8412,16,0
8412,2865,0
8412,1340,0
8412,1241,0
8412,1061,0
8412,638,0
8412,146,0
8412,3020,0
8412,777,0
8412,329,0
8412,1151,0
8412,1417,0
8412,551,0
8412,984,0
8412,3113,0
8414,526,0
8414,1337,0
8414,579,0
8414,978,0
8414,966,0
8414,831,0
8414,2204,0
8414,1204,0
8414,2646,0
8414,265,0
8414,1788,0
8414,311,0
8414,1021,0
8414,2715,0
8414,1134,0
8414,706,0
8414,2283,0
8414,1598,0
8414,745,0
8414,886,0
8414,718,0
8414,1115,0
8414,479,0
8414,2005,0
8414,454,0
8414,161,0
8414,2713,0
8414,391,0
8414,1660,0
8414,375,0
8414,276,0
8414,953,0
8414,576,0
8414,1417,0
8414,990,0
8414,1112,0
8414,2898,0
8414,1545,0
8414,163,0
8414,1512,0
8414,2824,0
8414,2621,0
8414,1425,0
8414,703,0
8414,1045,0
8414,3007,0
8414,474,0
8414,2723,0
8414,1438,0
8414,1350,0
8414,1015,0
8414,488,0
8414,2576,0
8414,841,0
8414,1254,0
8414,903,0
8414,268,0
8414,1058,0
8414,1227,0
8414,3125,0
8415,1104,0
8415,734,0
8415,723,0
8415,834,0
8415,185,0
8415,1119,0
8415,221,0
8415,129,0
8415,2737,0
8415,690,0
8415,564,0
8415,1326,0
8415,1000,0
8415,1046,0
8415,1273,0
8415,3038,0
8415,2905,0
8415,1534,0
8415,1068,0
8415,2462,0
8415,853,0
8415,2183,0
8415,1527,0
8415,1055,0
8415,608,0
8415,371,0
8415,2568,0
8415,1643,0
8415,1875,0
8415,1490,0
8415,207,0
8415,390,0
8415,2919,0
8415,727,0
8415,942,0
8415,1108,0
8415,1848,0
8415,2055,0
8415,1431,0
8415,1027,0
8415,1485,0
8415,796,0
8415,1150,0
8415,2658,0
8415,10,0
8415,2088,0
8415,1361,0
8415,102,0
8415,772,0
8415,1519,0
8415,1269,0
8415,1087,0
8415,632,0
8415,644,0
8415,1515,0
8415,784,0
8415,828,0
8415,220,0
8415,109,0
8415,525,0
8415,1486,0
8415,2565,0
8415,837,0
8415,2189,0
8415,602,0
8415,156,0
8415,255,0
8415,783,0
8415,3110,0
8415,1551,0
8415,1406,0
8415,2413,0
8415,1282,0
8415,1867,0
8415,1903,0
8415,574,0
8415,1299,0
8415,1517,0
8415,2971,0
8415,2601,0
8415,2423,0
8415,2206,0
8415,3056,0
8415,1316,0
8415,1846,0
8415,2175,0
8415,967,0
8415,1074,0
8415,693,0
8415,2977,0
8415,1847,0
8415,399,0
8415,572,0
8415,838,0
8415,1566,0
8415,1368,0
8415,1937,0
8415,1267,0
8415,512,0
8415,120,0
8415,1166,0
8415,1181,0
8415,1149,0
8415,806,0
8415,24,0
8415,1185,0
8415,2608,0
8415,2884,0
8415,1238,0
8415,2989,0
8415,2987,0
8415,1306,0
8416,1329,0
8416,935,0
8416,1309,0
8416,2066,0
8416,2116,0
8416,115,0
8416,2481,0
8416,2123,0
8416,218,0
8416,61,0
8416,1405,0
8416,840,0
8416,826,0
8416,1647,0
8417,1114,0
8417,826,0
8417,1125,0
8417,382,0
8417,571,0
8417,3019,0
8417,553,0
8417,1200,0
8417,739,0
8417,649,0
8417,103,0
8417,1314,0
8417,278,0
8417,934,0
8417,1344,0
8417,1157,0
8417,627,0
8417,2592,0
8417,1295,0
8417,148,0
8417,742,0
8417,1223,0
8417,1063,0
8417,29,0
8417,223,0
8417,461,0
8417,2627,0
8417,178,0
8417,1361,0
8417,879,0
8417,171,0
8417,808,0
8417,465,0
8417,1874,0
8417,2227,0
8417,2432,0
8417,334,0
8417,2711,0
8417,1091,0
8417,1581,0
8417,1047,0
8417,415,0
8417,2067,0
8417,63,0
8417,1052,0
8417,1845,0
8417,531,0
8417,242,0
8417,748,0
8417,1469,0
8417,463,0
8417,95,0
8417,2299,0
8417,1217,0
8417,1115,0
8417,1024,0
8417,1210,0
8417,3021,0
8417,2368,0
8417,507,0
8417,856,0
8417,2058,0
8417,2222,0
8417,2506,0
8417,2047,0
8417,283,0
8417,1597,0
8417,950,0
8417,1525,0
8417,1290,0
8417,139,0
8417,2280,0
8417,1507,0
8417,1173,0
8417,2012,0
8417,1780,0
8417,238,0
8417,505,0
8417,652,0
8417,568,0
8417,405,0
8417,2547,0
8417,2454,0
8417,2113,0
8417,1225,0
8417,1313,0
8417,930,0
8417,1294,0
8417,119,0
8417,2695,0
8417,902,0
8417,1527,0
8417,1224,0
8417,945,0
8417,1069,0
8417,383,0
8417,410,0
8417,1858,0
8417,910,0
8417,3037,0
8417,2035,0
8417,1414,0
8417,2840,0
8417,766,0
8417,1857,0
8417,662,0
8417,225,0
8417,1193,0
8417,46,0
8417,577,0
8417,696,0
8417,442,0
8417,1555,0
8417,2835,0
8417,1465,0
8417,3130,0
8417,1522,0
8417,1248,0
8417,156,0
8417,1999,0
8417,538,0
8417,69,0
8417,1333,0
8417,1927,0
8417,2698,0
8417,710,0
8417,2921,0
8417,2256,0
8417,2189,0
8417,1537,0
8417,893,0
8417,1923,0
8417,1034,0
8417,252,0
8417,1484,0
8417,2524,0
8417,1077,0
8417,1910,0
8417,2576,0
8418,187,0
8418,996,0
8418,543,0
8418,1547,0
8418,1040,0
8418,191,0
8418,1274,0
8418,32,0
8418,2710,0
8418,451,0
8418,1445,0
8418,369,0
8418,1016,0
8418,1609,0
8418,405,0
8418,127,0
8418,1978,0
8418,1346,0
8418,300,0
8418,2022,0
8418,460,0
8418,1708,0
8418,874,0
8418,3038,0
8418,279,0
8418,253,0
8418,1384,0
8418,1152,0
8418,639,0
8418,578,0
8418,697,0
8418,1242,0
8418,473,0
8418,525,0
8418,3061,0
8418,345,0
8418,1705,0
8418,2914,0
8418,66,0
8418,1976,0
8418,2471,0
8418,894,0
8418,349,0
8418,998,0
8418,1305,0
8418,2268,0
8418,617,0
8418,2921,0
8418,662,0
8418,1331,0
8418,814,0
8418,2396,0
8418,362,0
8418,420,0
8418,2910,0
8418,2596,0
8418,1105,0
8418,398,0
8418,72,0
8418,1272,0
8418,1135,0
8418,1033,0
8418,128,0
8418,1116,0
8418,1544,0
8418,183,0
8418,1375,0
8418,1814,0
8418,3041,0
8418,1675,0
8418,1392,0
8418,1214,0
8418,1509,0
8418,1043,0
8418,383,0
8418,698,0
8418,1133,0
8418,261,0
8418,1227,0
8418,3054,0
8418,934,0
8418,1404,0
8418,1574,0
8418,190,0
8419,1564,0
8419,2824,0
8419,1916,0
8419,1585,0
8419,2891,0
8419,231,0
8419,2565,0
8419,911,0
8419,598,0
8419,2073,0
8419,2098,0
8419,544,0
8419,830,0
8419,2790,0
8419,2033,0
8419,1413,0
8419,872,0
8419,1205,0
8419,851,0
8419,24,0
8419,2703,0
8419,1423,0
8419,2662,0
8419,735,0
8419,2415,0
8419,50,0
8419,539,0
8419,1312,0
8419,1072,0
8419,83,0
8419,2686,0
8419,1168,0
8419,1096,0
8419,400,0
8419,935,0
8419,2781,0
8419,609,0
8419,26,0
8419,9,0
8419,437,0
8419,1029,0
8419,2707,0
8419,2776,0
8419,922,0
8419,1960,0
8419,284,0
8419,1566,0
8419,903,0
8419,2589,0
8419,2343,0
8419,3137,0
8419,93,0
8419,550,0
8419,3065,0
8419,1130,0
8419,556,0
8419,29,0
8419,308,0
8420,679,0
8420,1413,0
8420,1417,0
8420,988,0
8420,3031,0
8420,414,0
8420,348,0
8420,2908,0
8420,2557,0
8420,1528,0
8420,557,0
8420,1327,0
8420,80,0
8420,82,0
8420,1533,0
8420,1453,0
8420,1440,0
8420,875,0
8420,77,0
8420,1568,0
8420,975,0
8420,2332,0
8420,256,0
8420,428,0
8420,860,0
8420,8,0
8420,740,0
8420,1542,0
8420,1598,0
8420,26,0
8420,238,0
8420,1265,0
8420,634,0
8420,2217,0
8420,990,0
8420,2831,0
8420,1156,0
8420,300,0
8420,2692,0
8420,971,0
8420,485,0
8420,327,0
8420,452,0
8420,1191,0
8420,2816,0
8420,1950,0
8420,371,0
8420,987,0
8420,1112,0
8420,2323,0
8420,1273,0
8420,1466,0
8420,1462,0
8420,1221,0
8420,1305,0
8420,2892,0
8420,346,0
8420,1504,0
8420,2273,0
8420,1632,0
8420,388,0
8420,281,0
8420,1974,0
8420,1556,0
8420,1016,0
8420,864,0
8420,271,0
8420,867,0
8420,791,0
8420,1146,0
8420,1817,0
8420,304,0
8420,578,0
8421,2580,0
8421,3008,0
8421,193,0
8421,1110,0
8421,1381,0
8421,395,0
8421,625,0
8421,2431,0
8421,273,0
8421,803,0
8421,887,0
8421,73,0
8421,140,0
8421,36,0
8421,1776,0
8421,364,0
8421,528,0
8421,1037,0
8421,1579,0
8421,954,0
8421,1554,0
8421,564,0
8421,1814,0
8421,1736,0
8421,569,0
8421,2685,0
8421,2874,0
8421,318,0
8421,667,0
8421,494,0
8421,655,0
8421,13,0
8421,1324,0
8421,469,0
8421,525,0
8421,1136,0
8421,1446,0
8421,114,0
8421,407,0
8421,2858,0
8421,720,0
8421,1124,0
8421,1900,0
8421,695,0
8421,824,0
8421,299,0
8421,497,0
8421,1251,0
8421,1221,0
8421,1695,0
8421,1756,0
8421,21,0
8421,968,0
8421,775,0
8421,1177,0
8421,31,0
8421,621,0
8421,1308,0
8421,2687,0
8421,200,0
8421,315,0
8421,562,0
8421,1806,0
8421,2354,0
8421,1488,0
8421,1146,0
8421,565,0
8421,592,0
8421,353,0
8421,52,0
8421,209,0
8421,2147,0
8421,17,0
8421,1163,0
8421,1539,0
8421,376,0
8421,863,0
8421,2353,0
8421,2063,0
8421,971,0
8421,573,0
8421,304,0
8421,1832,0
8421,1128,0
8421,1055,0
8421,1607,0
8421,548,0
8421,495,0
8421,278,0
8421,1429,0
8421,2747,0
8421,146,0
8421,2831,0
8421,1099,0
8421,694,0
8421,2542,0
8421,1297,0
8421,323,0
8421,378,0
8421,241,0
8421,1486,0
8421,2322,0
8421,1339,0
8421,1786,0
8421,1338,0
8421,1175,0
8421,481,0
8421,2728,0
8421,961,0
8421,607,0
8421,637,0
8421,748,0
8421,1483,0
8421,610,0
8421,476,0
8421,1465,0
8421,379,0
8421,3099,0
8421,124,0
8421,1402,0
8421,329,0
8421,148,0
8421,2444,0
8421,383,0
8421,1115,0
8421,715,0
8421,911,0
8421,808,0
8421,1147,0
8421,3024,0
8421,927,0
8421,1394,0
8421,158,0
8421,1369,0
8421,540,0
8421,292,0
8421,669,0
8421,1268,0
8421,982,0
8421,499,0
8421,1107,0
8421,644,0
8421,268,0
8421,186,0
8421,568,0
8421,634,0
8421,362,0
8421,1441,0
8421,2803,0
8421,1201,0
8421,767,0
8421,2001,0
8421,912,0
8421,2389,0
8421,852,0
8421,1904,0
8422,784,0
8422,1765,0
8422,188,0
8422,2089,0
8422,90,0
8422,1632,0
8422,136,0
8422,2360,0
8422,3106,0
8422,160,0
8422,254,0
8422,2792,0
8422,1582,0
8422,813,0
8422,1028,0
8422,2692,0
8422,1129,0
8422,945,0
8422,442,0
8422,3050,0
8422,2977,0
8422,1289,0
8422,2635,0
8422,1009,0
8422,1330,0
8422,1384,0
8422,1085,0
8422,661,0
8422,2066,0
8422,1279,0
8422,456,0
8422,149,0
8422,1910,0
8422,422,0
8422,448,0
8422,843,0
8422,954,0
8422,1084,0
8422,1888,0
8422,1352,0
8422,984,0
8422,1491,0
8422,746,0
8422,1060,0
8422,1439,0
8422,2711,0
8422,1403,0
8422,1237,0
8422,141,0
8422,1035,0
8422,2267,0
8422,532,0
8422,1501,0
8422,360,0
8422,193,0
8422,426,0
8422,796,0
8422,1238,0
8422,269,0
8422,1395,0
8422,2022,0
8422,112,0
8422,2805,0
8422,227,0
8422,1337,0
8422,2492,0
8422,239,0
8422,641,0
8422,781,0
8422,2084,0
8422,3140,0
8422,276,0
8422,1378,0
8422,2097,0
8422,2918,0
8422,939,0
8422,1562,0
8422,617,0
8422,812,0
8422,1297,0
8422,522,0
8422,107,0
8422,207,0
8422,1227,0
8422,582,0
8422,2619,0
8422,1300,0
8422,286,0
8422,39,0
8422,1460,0
8423,2064,0
8423,1987,0
8423,1485,0
8423,2930,0
8423,800,0
8423,2094,0
8423,991,0
8423,1964,0
8423,979,0
8423,1031,0
8423,2716,0
8423,1099,0
8423,455,0
8423,2799,0
8423,2802,0
8423,2810,0
8423,1978,0
8423,1590,0
8423,2862,0
8423,1216,0
8423,1839,0
8423,2914,0
8423,1156,0
8423,1552,0
8423,1366,0
8423,416,0
8423,2867,0
8423,2464,0
8423,2079,0
8423,1387,0
8423,128,0
8423,513,0
8423,1219,0
8423,1281,0
8423,746,0
8423,1554,0
8423,905,0
8423,1185,0
8423,542,0
8423,375,0
8423,1177,0
8423,102,0
8423,13,0
8423,880,0
8423,931,0
8423,171,0
8423,970,0
8423,2400,0
8423,1189,0
8423,1057,0
8423,2183,0
8423,1417,0
8423,1272,0
8423,588,0
8423,486,0
8423,1567,0
8423,1043,0
8423,1271,0
8423,81,0
8423,1237,0
8423,337,0
8423,989,0
8423,425,0
8423,1127,0
8423,167,0
8423,553,0
8423,1697,0
8423,130,0
8423,1527,0
8423,471,0
8423,1276,0
8423,1225,0
8423,2655,0
8423,1455,0
8423,527,0
8423,954,0
8423,2323,0
8423,424,0
8423,1059,0
8423,2855,0
8423,2892,0
8423,1476,0
8423,474,0
8423,1389,0
8423,3132,0
8423,1631,0
8423,833,0
8423,1555,0
8423,910,0
8423,148,0
8423,1415,0
8423,342,0
8423,333,0
8423,1184,0
8423,860,0
8423,240,0
8423,1292,0
8423,1831,0
8423,223,0
8423,1017,0
8423,62,0
8423,2050,0
8423,456,0
8423,3034,0
8423,824,0
8423,103,0
8423,2844,0
8423,1613,0
8423,1130,0
8423,870,0
8423,389,0
8423,523,0
8423,1149,0
8423,986,0
8423,2839,0
8423,2921,0
8423,311,0
8423,1054,0
8423,2363,0
8423,1931,0
8423,1756,0
8423,1060,0
8423,2898,0
8423,2340,0
8423,3082,0
8423,893,0
8423,685,0
8423,1589,0
8423,1193,0
8423,1734,0
8423,3178,0
8423,2964,0
8423,2261,0
8423,1314,0
8423,1064,0
8423,3083,0
8423,1360,0
8423,1460,0
8423,54,0
8423,1171,0
8423,900,0
8423,983,0
8423,998,0
8423,56,0
8423,1197,0
8423,193,0
8423,694,0
8423,836,0
8423,374,0
8423,1606,0
8423,409,0
8423,137,0
8423,205,0
8423,1066,0
8423,1396,0
8423,873,0
8423,1051,0
8423,1290,0
8423,487,0
8423,1209,0
8423,1143,0
8423,601,0
8423,2847,0
8423,1129,0
8423,843,0
8423,2407,0
8423,2882,0
8423,147,0
8423,1383,0
8423,218,0
8423,962,0
8423,2220,0
8423,579,0
8424,1490,0
8424,3012,0
8424,2918,0
8424,1136,0
8424,3119,0
8424,2905,0
8424,273,0
8424,466,0
8424,350,0
8424,1078,0
8424,387,0
8424,944,0
8424,586,0
8425,486,0
8425,459,0
8425,2305,0
8425,3166,0
8425,21,0
8425,789,0
8425,373,0
8425,2307,0
8425,2301,0
8425,1538,0
8425,2869,0
8425,239,0
8425,576,0
8425,542,0
8425,815,0
8425,979,0
8425,165,0
8425,2763,0
8425,2308,0
8425,1569,0
8425,1525,0
8425,1566,0
8425,1764,0
8425,2730,0
8425,2317,0
8425,556,0
8425,76,0
8425,1366,0
8425,2922,0
8425,1333,0
8425,639,0
8425,1203,0
8425,577,0
8425,304,0
8425,263,0
8425,1007,0
8425,1122,0
8425,1155,0
8425,1146,0
8425,676,0
8425,859,0
8425,1544,0
8425,1090,0
8425,1902,0
8425,1310,0
8425,984,0
8425,321,0
8425,1483,0
8425,297,0
8425,40,0
8425,326,0
8425,70,0
8425,1681,0
8425,2959,0
8425,1472,0
8425,1482,0
8425,668,0
8425,2367,0
8425,2535,0
8425,1846,0
8425,1562,0
8425,1348,0
8425,712,0
8425,106,0
8425,3149,0
8425,2111,0
8425,719,0
8425,568,0
8425,1039,0
8425,460,0
8425,1285,0
8425,324,0
8425,2149,0
8425,2576,0
8425,482,0
8425,687,0
8425,2065,0
8425,554,0
8425,1323,0
8425,521,0
8425,1704,0
8425,948,0
8425,2384,0
8425,71,0
8425,2003,0
8425,2318,0
8425,290,0
8425,1076,0
8425,924,0
8425,829,0
8425,1619,0
8425,1141,0
8425,1385,0
8425,1401,0
8425,962,0
8425,15,0
8425,1487,0
8425,2012,0
8425,565,0
8425,82,0
8425,363,0
8425,2122,0
8425,1147,0
8425,2562,0
8425,2391,0
8425,831,0
8425,1430,0
8425,2977,0
8425,1382,0
8425,1315,0
8425,971,0
8425,654,0
8425,1351,0
8425,1198,0
8425,175,0
8425,503,0
8425,1152,0
8425,372,0
8425,11,0
8425,487,0
8425,45,0
8425,214,0
8425,410,0
8425,1513,0
8425,950,0
8425,370,0
8425,587,0
8425,1500,0
8425,1669,0
8425,46,0
8425,826,0
8425,2178,0
8425,1583,0
8425,329,0
8425,1443,0
8425,515,0
8425,519,0
8425,1309,0
8425,1278,0
8425,1105,0
8425,881,0
8425,1354,0
8425,250,0
8425,3118,0
8425,1189,0
8425,729,0
8425,94,0
8425,1365,0
8425,333,0
8426,1352,0
8426,1016,0
8426,188,0
8426,3098,0
8426,2491,0
8426,851,0
8426,2509,0
8426,2956,0
8426,2314,0
8426,823,0
8426,1886,0
8426,2991,0
8426,418,0
8426,742,0
8426,1396,0
8426,2182,0
8426,182,0
8426,2217,0
8426,1646,0
8426,1097,0
8426,748,0
8426,1526,0
8426,1571,0
8426,731,0
8426,1704,0
8426,653,0
8426,3049,0
8426,1181,0
8426,811,0
8426,1744,0
8426,2357,0
8426,2031,0
8426,1315,0
8426,2778,0
8426,1167,0
8426,400,0
8426,1078,0
8426,431,0
8426,1015,0
8426,733,0
8426,2530,0
8426,732,0
8426,680,0
8426,289,0
8426,283,0
8426,1079,0
8426,706,0
8426,755,0
8426,151,0
8426,524,0
8426,1518,0
8426,1389,0
8426,2866,0
8427,256,0
8427,2295,0
8427,514,0
8427,1250,0
8427,683,0
8427,280,0
8427,409,0
8427,2700,0
8427,1137,0
8427,1011,0
8427,2122,0
8427,437,0
8427,258,0
8427,15,0
8427,1388,0
8427,1517,0
8427,273,0
8427,601,0
8427,118,0
8427,1217,0
8427,1090,0
8427,1056,0
8427,990,0
8427,2708,0
8427,1478,0
8427,394,0
8427,300,0
8427,392,0
8427,1380,0
8427,1557,0
8427,865,0
8427,2439,0
8427,1442,0
8427,1805,0
8427,1017,0
8427,2203,0
8427,2752,0
8427,1319,0
8427,1514,0
8427,26,0
8427,1264,0
8427,1726,0
8427,1100,0
8427,841,0
8427,1302,0
8427,310,0
8427,1144,0
8427,1341,0
8427,2682,0
8427,1793,0
8427,131,0
8427,2000,0
8427,1424,0
8427,714,0
8427,950,0
8427,1141,0
8427,1572,0
8427,948,0
8427,1132,0
8427,101,0
8427,1255,0
8427,1920,0
8427,1061,0
8427,638,0
8427,746,0
8427,274,0
8427,308,0
8427,139,0
8427,428,0
8427,1543,0
8427,18,0
8427,835,0
8427,192,0
8427,1855,0
8427,41,0
8427,1519,0
8427,801,0
8427,372,0
8427,867,0
8427,1363,0
8427,2353,0
8427,1209,0
8427,1113,0
8428,1217,0
8428,71,0
8428,2979,0
8428,2306,0
8428,1862,0
8428,1022,0
8428,3170,0
8428,145,0
8428,1165,0
8428,2612,0
8428,1181,0
8428,1198,0
8428,474,0
8428,3150,0
8428,2130,0
8428,101,0
8428,1158,0
8428,1080,0
8428,288,0
8428,815,0
8428,922,0
8428,609,0
8428,443,0
8428,2404,0
8428,218,0
8428,189,0
8428,2967,0
8428,743,0
8428,1264,0
8428,807,0
8428,1086,0
8428,1728,0
8428,2796,0
8428,2770,0
8428,1307,0
8428,1037,0
8428,1743,0
8428,1235,0
8428,1035,0
8428,731,0
8428,859,0
8428,703,0
8428,1127,0
8428,935,0
8428,1473,0
8428,1490,0
8428,106,0
8428,2389,0
8428,1113,0
8428,2731,0
8428,415,0
8428,401,0
8428,2228,0
8428,171,0
8428,1121,0
8428,2272,0
8428,7,0
8428,869,0
8428,542,0
8428,2687,0
8428,678,0
8428,185,0
8428,95,0
8428,315,0
8428,352,0
8428,1397,0
8428,1558,0
8428,129,0
8428,1343,0
8428,551,0
8428,1211,0
8428,353,0
8428,476,0
8428,225,0
8428,406,0
8428,809,0
8428,687,0
8428,708,0
8428,648,0
8428,1536,0
8428,365,0
8428,2913,0
8428,960,0
8428,477,0
8428,629,0
8428,964,0
8428,175,0
8428,1046,0
8428,926,0
8428,1339,0
8428,2661,0
8428,2876,0
8428,668,0
8428,1829,0
8428,1322,0
8428,261,0
8428,1518,0
8428,33,0
8428,76,0
8428,1253,0
8428,916,0
8428,371,0
8428,884,0
8428,1199,0
8428,209,0
8428,1164,0
8428,412,0
8428,1909,0
8428,1369,0
8428,2093,0
8428,2773,0
8428,1071,0
8428,918,0
8428,1093,0
8428,396,0
8428,2579,0
8428,782,0
8428,2251,0
8428,2801,0
8428,1533,0
8428,1308,0
8428,1278,0
8428,520,0
8428,550,0
8428,1030,0
8428,1400,0
8428,423,0
8428,1335,0
8428,448,0
8428,1406,0
8428,1329,0
8428,72,0
8428,155,0
8428,1787,0
8428,2659,0
8428,557,0
8428,1202,0
8428,566,0
8428,914,0
8428,2738,0
8428,627,0
8428,1478,0
8428,952,0
8428,47,0
8428,182,0
8428,1907,0
8428,1144,0
8428,2789,0
8428,2521,0
8428,1267,0
8428,1013,0
8428,3178,0
8428,139,0
8428,971,0
8428,417,0
8428,29,0
8429,1345,0
8429,560,0
8429,817,0
8429,372,0
8429,334,0
8429,571,0
8429,3129,0
8429,611,0
8429,2154,0
8429,1525,0
8429,3165,0
8429,1560,0
8429,1424,0
8429,35,0
8429,535,0
8429,570,0
8429,1562,0
8429,890,0
8429,386,0
8429,2537,0
8429,206,0
8429,390,0
8429,2441,0
8429,1746,0
8429,930,0
8429,813,0
8429,1536,0
8429,451,0
8429,2221,0
8429,466,0
8429,691,0
8429,702,0
8429,429,0
8429,1034,0
8429,443,0
8429,3044,0
8429,491,0
8429,1218,0
8429,54,0
8429,583,0
8429,979,0
8429,1284,0
8429,380,0
8429,920,0
8429,1182,0
8429,1124,0
8429,1706,0
8429,1010,0
8429,2650,0
8429,741,0
8429,1380,0
8429,746,0
8429,2825,0
8429,1142,0
8429,262,0
8429,205,0
8429,753,0
8429,396,0
8429,1115,0
8429,1089,0
8429,1517,0
8429,1101,0
8429,1382,0
8429,1578,0
8429,85,0
8429,1024,0
8429,1237,0
8429,1535,0
8429,1969,0
8429,1481,0
8429,1291,0
8429,1050,0
8429,1133,0
8429,145,0
8429,2855,0
8429,170,0
8429,734,0
8429,3034,0
8429,2026,0
8429,60,0
8429,832,0
8429,137,0
8429,112,0
8429,1644,0
8429,256,0
8429,1055,0
8429,1073,0
8429,1982,0
8429,1227,0
8430,2405,0
8430,616,0
8430,484,0
8430,165,0
8430,1185,0
8430,921,0
8430,2129,0
8430,250,0
8430,1388,0
8430,859,0
8430,305,0
8430,666,0
8430,2433,0
8430,365,0
8430,2968,0
8430,157,0
8430,1331,0
8430,745,0
8430,161,0
8430,581,0
8430,418,0
8430,1970,0
8430,1004,0
8430,341,0
8430,582,0
8430,2293,0
8430,1917,0
8430,1317,0
8430,477,0
8430,318,0
8430,185,0
8430,129,0
8430,926,0
8430,974,0
8430,636,0
8430,1200,0
8430,1273,0
8430,54,0
8430,2081,0
8430,145,0
8430,1446,0
8430,245,0
8430,2456,0
8430,325,0
8430,733,0
8430,2043,0
8430,447,0
8430,1746,0
8430,1049,0
8430,1548,0
8430,1255,0
8430,1674,0
8430,730,0
8430,1240,0
8430,2970,0
8430,1722,0
8430,934,0
8430,1487,0
8430,222,0
8430,244,0
8430,502,0
8430,2518,0
8430,2689,0
8430,2013,0
8430,431,0
8430,2771,0
8430,971,0
8430,1322,0
8430,1366,0
8430,193,0
8430,314,0
8430,2229,0
8430,430,0
8430,535,0
8430,977,0
8430,3056,0
8430,938,0
8430,518,0
8430,1007,0
8430,2077,0
8430,1534,0
8430,1539,0
8430,533,0
8430,1232,0
8430,29,0
8430,1549,0
8430,3078,0
8430,753,0
8430,2481,0
8430,600,0
8430,2466,0
8430,981,0
8430,2881,0
8430,1219,0
8430,726,0
8430,3152,0
8430,948,0
8430,308,0
8430,2075,0
8430,784,0
8430,2397,0
8430,3094,0
8430,465,0
8430,1494,0
8430,1180,0
8430,1633,0
8430,2370,0
8430,850,0
8430,908,0
8430,451,0
8430,735,0
8430,1096,0
8430,1069,0
8430,1086,0
8430,786,0
8430,1164,0
8430,1281,0
8430,2922,0
8430,1507,0
8430,1726,0
8430,1436,0
8430,1449,0
8430,73,0
8430,1558,0
8430,1613,0
8430,1245,0
8430,939,0
8430,1044,0
8430,88,0
8430,1535,0
8430,123,0
8430,2811,0
8430,1244,0
8430,544,0
8430,1879,0
8430,344,0
8430,970,0
8430,1091,0
8430,2873,0
8430,1057,0
8430,1422,0
8430,1278,0
8430,568,0
8430,708,0
8430,1243,0
8430,151,0
8430,65,0
8430,1147,0
8430,647,0
8430,867,0
8430,2379,0
8430,1518,0
8430,412,0
8430,885,0
8430,1408,0
8430,302,0
8430,2626,0
8430,1054,0
8430,1353,0
8430,1877,0
8430,1399,0
8430,350,0
8430,343,0
8430,2377,0
8430,1066,0
8430,312,0
8430,3180,0
8430,421,0
8430,1373,0
8430,2940,0
8430,1760,0
8430,1186,0
8430,2843,0
8430,2636,0
8430,734,0
8431,619,0
8431,125,0
8431,2577,0
8431,1117,0
8431,477,0
8431,456,0
8431,31,0
8431,882,0
8431,1796,0
8431,2776,0
8431,2564,0
8431,911,0
8431,1824,0
8431,2105,0
8431,1698,0
8431,554,0
8431,1373,0
8431,814,0
8431,834,0
8431,1110,0
8431,236,0
8431,2514,0
8431,2661,0
8431,1317,0
8431,1013,0
8431,1239,0
8431,584,0
8431,1568,0
8431,133,0
8431,1638,0
8431,871,0
8431,1526,0
8431,371,0
8431,1381,0
8431,1541,0
8431,964,0
8431,2057,0
8431,850,0
8431,205,0
8431,1726,0
8431,1000,0
8431,2500,0
8431,3110,0
8431,1221,0
8431,1471,0
8431,845,0
8431,1448,0
8431,1393,0
8431,158,0
8431,21,0
8431,2893,0
8431,336,0
8431,1641,0
8431,1957,0
8431,775,0
8431,17,0
8431,726,0
8431,2771,0
8431,3152,0
8431,802,0
8431,607,0
8431,1250,0
8431,287,0
8431,1477,0
8431,379,0
8431,2339,0
8431,2770,0
8431,833,0
8431,2654,0
8431,587,0
8431,1389,0
8431,1291,0
8431,1094,0
8431,1654,0
8431,1682,0
8431,464,0
8431,954,0
8431,311,0
8431,484,0
8431,152,0
8431,504,0
8431,1540,0
8431,1846,0
8431,1816,0
8431,632,0
8431,83,0
8431,246,0
8431,2214,0
8431,1068,0
8431,1549,0
8431,305,0
8431,699,0
8431,2526,0
8431,1665,0
8431,2065,0
8431,1382,0
8431,2353,0
8431,49,0
8431,1225,0
8431,719,0
8431,2036,0
8431,1856,0
8431,437,0
8431,885,0
8431,990,0
8431,1770,0
8431,971,0
8431,511,0
8431,2989,0
8431,235,0
8431,926,0
8431,376,0
8431,2479,0
8431,2286,0
8431,841,0
8431,1501,0
8431,332,0
8431,187,0
8431,2439,0
8431,1522,0
8431,1242,0
8431,2418,0
8431,546,0
8431,11,0
8431,1289,0
8431,1712,0
8431,2606,0
8431,1554,0
8431,784,0
8431,747,0
8431,141,0
8431,1579,0
8431,1768,0
8431,790,0
8431,194,0
8431,2346,0
8431,189,0
8431,231,0
8431,1059,0
8431,1284,0
8431,682,0
8431,1309,0
8431,70,0
8431,1425,0
8431,3169,0
8431,680,0
8431,732,0
8431,501,0
8431,2218,0
8431,471,0
8431,673,0
8431,298,0
8431,2314,0
8431,1406,0
8431,185,0
8431,770,0
8431,1497,0
8431,1136,0
8431,2497,0
8431,1267,0
8431,2428,0
8432,80,0
8432,1042,0
